1.5057513246692007e6  298080.4852800001  149494.3330729021  1.8012645857909212e6  0.0  1.821296762075177e6
441113.28160744545  298080.4852800001  0.0  587513.0910588144  0.0  2.0127601593234604e6
1.0621697181204325e6  298080.4852800001  267007.00677196286  1.672430455081099e6  0.0  1.4511700270800001e6
718085.9670492006  298080.4852800001  19641.911368117726  581332.4631051681  1741.456254588036  851553.5310183777
776377.1666292013  298080.4852800001  555466.3091668489  1.8520617353876967e6  25057.833625939063  1.627446867750425e6
1.5348967244692e6  298080.4852800001  0.0  1.0622192087495502e6  0.0  941008.258161954
1.3624834027092005e6  298080.4852800001  0.0  698407.4207087902  0.0  993271.4378896898
316074.1600732009  298080.4852800001  451106.4355168118  1.7220777070299436e6  0.0  2.0934727735549028e6
1.159610233192913e6  298080.4852800001  0.0  857387.0344176685  0.0  853727.5411070313
268997.5894480009  298080.4852800001  79137.96552432628  1.5969364656304347e6  39345.19435394429  2.12857332558e6
739845.4653439813  298080.4852800001  0.0  1.3200883910562033e6  0.0  942222.7922027644
730361.6732332003  298080.4852800001  0.0  954784.7537853989  0.0  1.8454993831857305e6
968770.0659382021  297748.70304000005  0.0  583445.116245949  0.0  1.0828632682153601e6
1.6296705393318185e6  298080.4852800001  0.0  808412.9455773897  0.0  1.4844793748873866e6
1.283154641357782e6  298080.4852800001  99511.17176354708  923092.7636746737  0.0  1.0454358814690422e6
74546.05422519991  296089.99032000004  155068.01556341114  1.6012443008949684e6  0.0  1.2849670377715537e6
672295.8510979109  298080.4852800001  184517.0842209303  1.6712293521876463e6  0.0  1.907702289509809e6
765877.664329351  298080.4852800001  111201.54239020032  1.2517984007771323e6  0.0  1.791744008696373e6
712957.8234692006  298080.4852800001  0.0  448252.5128860611  0.0  1.60019205089035e6
1.4025322284337177e6  298029.89548826043  0.0  1.2692637791888153e6  0.0  1.4946694048857854e6
739779.8892096987  298080.4852800001  324408.245439806  1.8493603872686455e6  0.0  1.0182578753843997e6
697223.9142040006  298080.4852800001  87956.90891124003  1.0663543998579986e6  0.0  1.0485978415265244e6
882751.4476492004  298080.4852800001  277906.33065180626  2.0037882447486452e6  0.0  1.1532705959929214e6
694861.7884600282  298080.4852800001  0.0  1.0409425862997982e6  0.0  1.0592050198102915e6
1.1388295573892002e6  298080.4852800001  38530.503142555186  869876.800174202  0.0  1.5641135709875494e6
967843.3871252002  298080.4852800001  209823.17959062068  1.9167019642686455e6  0.0  1.0286751593200002e6
2.232576936402813e6  298080.4852800001  0.0  905213.4426228364  0.0  1.3156552735822904e6
154589.29693404865  298080.4852800001  0.0  982822.8369158696  0.0  1.4508800259415829e6
1.3625567240791046e6  298080.4852800001  0.0  587892.859208646  38530.770878446056  2.1332168429898443e6
1.1624406860245622e6  298080.4852800001  0.0  1.3220684499962917e6  0.0  1.346103844e6
642671.3151132003  298080.4852800001  24385.075919805793  1.3016446670286455e6  0.0  3.256525571384349e6
210196.93991320033  298080.4852800001  550802.5163025231  2.0141186760233245e6  0.0  2.621227007408838e6
1.0111867169932002e6  298080.4852800001  0.0  964711.5553625519  0.0  807419.0333031483
400676.5240292002  298080.4852800001  177733.54118092253  1.5923837889849246e6  0.0  2.527800851698986e6
670013.1927892007  298080.4852800001  0.0  1.1917202507729835e6  0.0  765061.7076277654
2.2201002178240237e6  298080.4852800001  332701.08082198026  1.567292277010106e6  0.0  1.21302811412e6
444712.5278332002  298080.4852800001  188065.90987377684  1.8431880728297217e6  0.0  863797.7083215909
577888.9808192658  298080.4852800001  133906.75940268568  1.5818379945318382e6  0.0  672660.5678800003
1.3134995280530532e6  297748.70304000005  68991.21423344236  1.6891462085086224e6  0.0  1.789231295872656e6
138051.6709410501  297244.0766823748  0.0  576481.1285118536  0.0  731009.796645861
620588.3850292002  298080.4852800001  48354.67704131862  1.382791400614646e6  0.0  1.0602621181187683e6
1.1478417924692004e6  298080.4852800001  0.0  821124.2274748238  0.0  871882.7960801689
1.3774035709492e6  298080.4852800001  149261.95358335425  1.679837913020749e6  0.0  1.2096539148019427e6
1.1195402040283727e6  298080.4852800001  0.0  1.0821069421762775e6  4026.9220242805445  2.3733892715514405e6
817195.1979870091  298080.4852800001  244894.50459398425  1.1470348702644457e6  0.0  1.1255285756797523e6
260012.353568672  298080.4852800001  0.0  1.0664110223313596e6  0.0  1.5888672542089098e6
1.1966874986332003e6  298080.4852800001  217744.6777578083  1.6476505234606122e6  0.0  1.628066962546533e6
818655.5097492004  298080.4852800001  0.0  554855.953488646  0.0  2.193609600192611e6
867463.5835092006  298080.4852800001  131105.55677180592  1.7632074393086454e6  0.0  972116.0666529667
1.9411172352852002e6  298080.4852800001  0.0  879164.4260686459  0.0  1.0043851510989502e6
141359.7741851999  296090.28804  217217.57095580635  1.0459663074686459e6  0.0  1.5883480467752905e6
759747.2895932004  298080.4852800001  0.0  713221.8368470385  0.0  1.0597199527226572e6
169363.8639251999  296090.28804  0.0  1.380972371895626e6  0.0  2.489424185936191e6
396612.41867320065  298080.4852800001  0.0  756511.2086384746  0.0  1.2888539322468173e6
1.1386875492687966e6  298080.4852800001  25967.61002065062  464978.5574600825  12272.948686596288  1.9111458161836686e6
942796.3881092004  298080.4852800001  15548.882827200057  882213.3611272802  0.0  1.2577877234517895e6
1.3260363337252e6  298080.4852800001  0.0  748178.1759987744  0.0  2.0956368556304593e6
802096.9663529227  298080.4852800001  0.0  520864.9952464599  0.0  2.8317962609574664e6
1.7485300422692e6  298080.4852800001  319970.4480869122  1.466165770324959e6  0.0  1.09739076904996e6
0.0  297085.3370400001  137099.31657099567  911013.4256164744  0.0  2.836678444823326e6
1.0832639929492003e6  298080.4852800001  0.0  1.098496427635359e6  0.0  1.5175992439237582e6
1.3838299201087968e6  297748.70304000005  0.0  884422.9020537065  0.0  1.627332950629302e6
561635.7739591004  298080.4852800001  99032.28051580612  1.8689482896886454e6  0.0  2.0328872012689963e6
1.1454651684492005e6  298080.4852800001  26065.403963239078  1.6249375658200688e6  0.0  2.210308951172113e6
387778.38586873526  298080.4852800001  0.0  1.6647682713917755e6  0.0  811120.5408712807
1.1583723516292002e6  298080.4852800001  87514.3015177304  1.443516087739329e6  0.0  1.2898425862178344e6
1.713092522805201e6  298080.4852800001  0.0  591470.8462940131  0.0  1.8821727829897257e6
1.3706052905894157e6  298080.4852800001  0.0  614055.879066429  52232.325733205056  2.734998588477692e6
768780.0950732001  298080.4852800001  536284.5870222914  2.0721864704984287e6  0.0  1.3213425903800004e6
660770.6460332002  298080.4852800001  214409.95816155686  1.6521785834680148e6  0.0  1.8209851166450717e6
500923.2516692007  298080.4852800001  0.0  1.1068396724073598e6  0.0  2.296877974323052e6
1.1549402032452002e6  298080.4852800001  90775.29256658007  1.0475522020205513e6  0.0  1.9731993419874017e6
1.4270333179092002e6  298080.4852800001  149020.28831290125  993829.5115283421  0.0  1.0503682516952509e6
1.3468214658452002e6  298080.4852800001  0.0  985772.8097756924  0.0  1.0455500189026565e6
251676.5801132011  298080.4852800001  163284.00725488123  1.4464420720235922e6  0.0  2.555022926417665e6
853261.7380931943  298080.4852800001  48468.87698473412  901433.6259505799  11496.432593891388  2.456385901941201e6
413342.9763892009  298080.4852800001  0.0  1.258692926708646e6  0.0  1.1305521793811412e6
1.174690279721086e6  298080.4852800001  99045.3312918061  1.9443127824686456e6  0.0  886596.561038518
35647.51551660354  297748.8022800001  128759.44534646561  1.1278951472820903e6  0.0  973165.9954490986
1.7007176914905184e6  298080.4852800001  0.0  942506.6436038485  3426.7439453214674  4.1941001554501904e6
659719.1483931999  298080.4852800001  162957.98109408637  1.3339539684086458e6  0.0  1.7489166406043195e6
893732.5899932  298080.4852800001  102629.07702700674  1.35279537088635e6  0.0  952166.3995069747
388044.73279319995  298080.4852800001  79325.54665744962  849246.2655981343  0.0  1.1324694949e6
261835.84840494607  298080.4852800001  0.0  504910.0394486459  0.0  2.2173616513513867e6
862032.7693492007  298080.4852800001  74614.79897768733  1.0114484890286459e6  0.0  1.6562505972797414e6
522692.4800692004  298080.4852800001  0.0  718227.0216664624  0.0  1.6383214296827684e6
818457.8488596886  298080.4852800001  395019.08043580625  1.6684324381286455e6  0.0  1.3757516979674504e6
828526.5933132004  298080.4852800001  196316.2224281935  1.2576006154586659e6  0.0  1.2571661845110892e6
1.130195602457053e6  298080.4852800001  45108.22761223893  1.5331141253580987e6  33452.10699422918  2.3778913571505044e6
988916.9619652007  298080.4852800001  127591.05990977555  1.9256704027910025e6  0.0  1.909670801270191e6
1.3976994703892004e6  298080.4852800001  25914.54750923507  1.2964865760304478e6  0.0  1.6939543500466049e6
705760.6868805597  298080.4852800001  1389.9057358062112  1.0779269872086458e6  21632.553917808676  2.7808059498878443e6
887529.8112564728  298080.4852800001  188401.0508334175  1.7391243815940632e6  0.0  1.512131350964779e6
1.1677440315932003e6  298080.4852800001  0.0  964191.6649366585  0.0  1.1252505958035465e6
818416.7908725508  298080.4852800001  0.0  704783.1727137098  0.0  1.3920223916618447e6
1.1373747423851988e6  297748.70304000005  173816.17473618514  1.7032134958840676e6  0.0  2.324819473315713e6
923730.8477683597  298080.4852800001  84775.95208842019  1.3413124127886458e6  0.0  1.8929141012311003e6
1.1176219945389328e6  298080.4852800001  0.0  1.3363941845871853e6  0.0  1.6260153146533847e6
711172.4601139347  297908.25910479814  0.0  1.052368608503875e6  0.0  1.6199856223026e6
686526.0365532006  298080.4852800001  0.0  830897.6080964964  33646.49617116166  2.256595841243721e6
368311.43379320076  298080.4852800001  1306.1339072974743  980324.928536522  104795.77516690902  3.8696649968247483e6
181876.83151942873  298080.4852800001  47014.790091806266  1.4869824654886457e6  0.0  1.704183699802707e6
660071.4283399928  298080.4852800001  144655.16755924962  1.2763250820365846e6  0.0  2.6138545444427836e6
773426.5713092003  298080.4852800001  0.0  581029.21686077  88564.54919121708  2.722988820624142e6
488780.61003320036  298080.4852800001  0.0  620691.422350837  0.0  1.4378796922745546e6
1.2769794914687993e6  297900.22675007104  209880.40093387075  1.631006965091535e6  0.0  1.3808857609064665e6
1.0897585898691998e6  298080.4852800001  75608.01212471206  1.2934965185115251e6  0.0  2.182017354304362e6
412067.07447320013  298080.4852800001  7316.862418000004  1.4834630980024463e6  0.0  1.3908954619220837e6
740393.9587683924  298080.4852800001  262680.08387086756  1.78254650675958e6  0.0  2.4829235278315768e6
1.8519732127092e6  298080.4852800001  0.0  1.1262199450555062e6  0.0  1.686851177449301e6
1.0813425322492006e6  298080.4852800001  89045.69762737915  1.7103202874559113e6  0.0  1.6735413890264095e6
215292.91367320032  298080.4852800001  0.0  1.0127590530066099e6  0.0  1.3764304021365657e6
720462.9002130523  298080.4852800001  273720.36911724973  1.1865458242164133e6  0.0  1.1732624011594527e6
1.5621602755092003e6  298080.4852800001  64883.864867690165  1.5570372053566375e6  0.0  1.7564497200396843e6
922642.5387092001  298080.4852800001  0.0  1.3192570867157357e6  0.0  1.9010170855646888e6
663383.6737292005  298080.4852800001  0.0  612686.4360191454  0.0  673297.8606785014
1.3504990876692005e6  298080.4852800001  45199.44706578988  859099.3696424214  0.0  3.5152791647579833e6
467563.72812583024  298080.4852800001  151451.57274771677  1.4533457951706664e6  0.0  1.2251622150188673e6
366539.94522920076  298080.4852800001  35856.45746114454  1.0238843132464432e6  0.0  870565.1764126547
778496.5952818505  298080.4852800001  219622.87571890492  1.3938740044495403e6  0.0  815513.4221300003
1.0286139484452001e6  298080.4852800001  37456.49079118667  750743.6502673423  0.0  1.3374222757005785e6
1.4546873637092006e6  298080.4852800001  0.0  897564.0103857709  0.0  1.4516741614533556e6
701351.4731866755  298080.4852800001  0.0  931924.7891312366  52789.62315460984  2.994495609541303e6
1.2088047862416971e6  297748.70304000005  0.0  831764.1167129581  0.0  1.4113385577006775e6
1.3905808777652003e6  298080.4852800001  0.0  612302.9353086462  0.0  898432.0473000003
903234.9377092007  298080.4852800001  232676.44669514097  1.9715564242686452e6  0.0  1.3630093517476274e6
223105.6277881494  298080.4852800001  0.0  951340.4154436351  0.0  2.4001891700157127e6
1.3087355759492004e6  298080.4852800001  314420.0439075662  1.584032616672967e6  0.0  1.160204066113079e6
1.3997976511892006e6  298080.4852800001  0.0  1.042020845973146e6  0.0  1.6465314173513988e6
563119.3167111628  298080.4852800001  0.0  765103.3841988861  0.0  3.4235943460277235e6
670183.3108732002  298080.4852800001  7133.805532985995  1.4818474753872857e6  0.0  2.759047049909921e6
815677.777633725  298080.4852800001  567775.9322329024  1.846537011094696e6  0.0  1.9224761112532676e6
513234.3472852005  298080.4852800001  420953.33724498394  1.8748341914686454e6  0.0  1.0036488065053467e6
161397.84724310625  297748.70304000005  27720.645549210327  1.596825162248646e6  0.0  1.2057162808163762e6
635314.3915492005  298080.4852800001  0.0  435679.1115686459  0.0  4.227441354138955e6
1.5576814366052006e6  298080.4852800001  173322.44965904317  1.2195746852410755e6  0.0  2.4659562749592243e6
1.3791485272509686e6  298080.4852800001  40772.80201807672  1.4243136058083784e6  0.0  953807.5628891354
1.0282044527006677e6  298080.4852800001  521094.42220734  1.9053769193796408e6  0.0  967967.7381609451
729549.4620087998  298080.4852800001  390809.19106584555  1.7489048070693526e6  0.0  1.5397113824605485e6
989272.4653610861  298080.4852800001  385524.0732670919  1.6660286951281994e6  0.0  1.7558565249735971e6
715391.2217932002  298080.4852800001  0.0  879559.0887680948  0.0  1.1504577468027205e6
17728.918081199896  295758.40656000003  376311.44443580596  1.9500464619686452e6  0.0  1.3384425989570946e6
774999.0869652001  298080.4852800001  0.0  1.3135129979261667e6  28804.718549199948  2.6481351961000003e6
744052.7600732002  298080.4852800001  0.0  640944.168260685  0.0  740619.3222400004
1.555143610147534e6  298080.4852800001  341784.0636230543  1.6466002383379845e6  0.0  1.7886604993698641e6
1.4105037444292004e6  298080.4852800001  0.0  728237.2798568682  0.0  817665.7865174816
1.3499877265887987e6  298080.4852800001  0.0  1.2584791815971097e6  0.0  1.2978644135892894e6
309134.35929766996  297748.70304000005  97954.48998250876  1.5856721132890654e6  0.0  2.168735941266763e6
916527.8029006792  298080.4852800001  0.0  744477.2497979987  0.0  931941.841820783
1.3491933243892002e6  298080.4852800001  0.0  491776.5877763368  0.0  1.1722276431188483e6
105366.82466619545  298080.4852800001  0.0  561449.0330371797  0.0  1.3539552653912047e6
1.4790577392632975e6  298080.4852800001  0.0  1.3044395880217915e6  0.0  1.7156819786251606e6
1.6669131731092003e6  298080.4852800001  89053.00807580599  1.488614872148646e6  0.0  1.3402821923466101e6
1.02180847715244e6  298080.4852800001  0.0  1.0830189347825164e6  0.0  2.950413928454929e6
496568.22184920026  298080.4852800001  81955.75539243079  1.7487882373438368e6  0.0  3.1534317737513767e6
1.563395103656715e6  298080.4852800001  403906.17891580623  1.7440672496886456e6  0.0  2.148433815819473e6
790284.6279136979  298080.4852800001  0.0  1.0962950434052118e6  0.0  2.882073022931231e6
27987.169391637693  295758.40656000003  98230.85797537216  1.7514961490302817e6  0.0  1.1093288585238727e6
22475.472292375627  295854.3215478682  35881.463151107026  1.2636621429279714e6  0.0  1.844781645529842e6
1.1397511697832088e6  298080.4852800001  0.0  1.2907209958541961e6  0.0  2.7282979669754654e6
595658.6356195738  298080.4852800001  0.0  965500.860647298  0.0  2.2922775894924686e6
761297.2960924369  298080.4852800001  40571.360727060055  1.0426204869151103e6  0.0  1.5075928232344016e6
1.2615851292029228e6  298080.4852800001  38701.1051945411  1.4206624398078537e6  0.0  1.7866226265783021e6
878080.5954892002  298080.4852800001  171586.34896633434  1.2380171985286458e6  0.0  713093.2363912241
291507.05457705416  298080.4852800001  15217.021404419069  1.2579468448053622e6  0.0  1.7438090328766746e6
1.100301922665932e6  298080.4852800001  53309.68337238721  1.8103089923234768e6  0.0  1.9977200683648018e6
757744.6354452005  298080.4852800001  0.0  663487.102448646  0.0  2.150284298160819e6
621250.9828780321  298080.4852800001  177568.57505641668  1.4413597972349937e6  0.0  1.721636447167193e6
0.0  295758.50580000004  0.0  1.1130559954558501e6  0.0  1.0313188006800002e6
576985.0795892003  298080.4852800001  28910.265677463525  1.3809939862941536e6  0.0  1.428937110777607e6
391824.8240914756  297748.70304000005  0.0  1.359690654375026e6  0.0  1.2814933128321113e6
650659.5390877561  298080.4852800001  84562.95508329925  1.1873468212088721e6  0.0  785480.4936797916
1.1347836962255884e6  298080.4852800001  461113.94695580617  1.8264539109686457e6  0.0  957491.6611600001
1.2431961102292002e6  298080.4852800001  0.0  1.2107576603634302e6  0.0  1.1513510432898926e6
1.0959284701292003e6  298080.4852800001  0.0  896123.3517362485  0.0  1.1610369242075053e6
1.2772297326166802e6  298080.4852800001  0.0  808102.3427288529  0.0  2.0752602082407288e6
642895.5553292006  298080.4852800001  413465.49521180626  1.9606150322686452e6  0.0  2.119052707268968e6
1.3737868603652003e6  298080.4852800001  155896.47527720284  1.3483176232940303e6  0.0  1.0576004036039684e6
431213.4641274906  298080.4852800001  0.0  1.0124039903186823e6  0.0  1.3068627983260022e6
676401.6285132003  298080.4852800001  173127.37101770722  1.9066066211068963e6  0.0  1.1142662131493161e6
326069.7402692005  298080.4852800001  0.0  1.251039762448098e6  0.0  949553.2955075955
1.1022212183332e6  298080.4852800001  247840.97591977447  1.2773191085803101e6  0.0  3.3795790754645e6
585318.262909201  298080.4852800001  0.0  971644.91332405  0.0  1.3929539177156622e6
867341.9324492004  298080.4852800001  0.0  1.2974832716066777e6  0.0  1.1998426506316916e6
1.0463890442329228e6  298080.4852800001  151250.28983603045  1.4217558009859896e6  0.0  1.3320677451957888e6
491172.8332732004  298080.4852800001  0.0  1.1926679783511052e6  0.0  3.0901627534895306e6
607692.7212732002  298080.4852800001  27515.599427336838  901960.7983707011  0.0  2.5833965760795786e6
1.5121124571492001e6  298080.4852800001  0.0  674820.1099964398  0.0  1.0539986753740255e6
1.2455660488692e6  298080.4852800001  0.0  959999.555103143  0.0  1.0499487791792315e6
1.3500680684932005e6  298080.4852800001  85845.88396158649  1.6683033169053246e6  0.0  703999.1337800003
1.2835537836732003e6  298080.4852800001  6772.187332101301  1.4406491300052307e6  0.0  1.933367838591504e6
838929.3874332001  298080.4852800001  156078.21894829258  1.598423821652729e6  0.0  697925.2158832252
528046.4180732002  298080.4852800001  776783.7007287419  2.0123058187771305e6  0.0  2.2173661664242214e6
1.0433824966680502e6  298080.4852800001  308002.40528723213  1.923370348882838e6  0.0  766738.0826241486
641975.5784732003  298080.4852800001  0.0  563709.6677903314  0.0  774503.5592476652
1.1219363792332e6  298080.4852800001  0.0  975233.9824179617  0.0  1.4297139674167985e6
643843.7136969233  298080.4852800001  135631.39937172478  1.4371879023914842e6  0.0  838922.2395131261
800789.7973652007  298080.4852800001  0.0  564324.4552233011  0.0  1.631880851216439e6
571441.5129887989  298080.4852800001  509453.05414545845  2.075523380273149e6  0.0  1.2176128683078317e6
933410.8002692001  298080.4852800001  0.0  606325.6968818322  0.0  1.8634385532316025e6
1.5186954774292002e6  298080.4852800001  0.0  648197.3069024038  0.0  1.0476628738766181e6
547716.6274746088  298080.4852800001  0.0  1.0988378370139522e6  27329.449206633082  2.6198451356709553e6
1.2528260923129122e6  298080.4852800001  322533.0911507332  1.8805829495442845e6  94852.5400760385  2.8965985911272997e6
1.0579771472049023e6  298080.4852800001  60856.65802541404  1.0450745644708527e6  0.0  772652.8346413068
591637.2612292003  298080.4852800001  105222.99085343584  1.4504915961927734e6  0.0  1.8773864240889035e6
290939.4275732002  298080.4852800001  136219.67223165114  1.607428950411837e6  0.0  1.075727616647273e6
168810.7478318496  298080.4852800001  27517.913114542534  1.4825211435051393e6  0.0  1.9292666090293694e6
1.3190261471092005e6  298080.4852800001  414602.43553859746  1.6227414648286456e6  0.0  920528.4264917343
575886.5402332002  298080.4852800001  423812.9533640844  1.6064428713070825e6  0.0  961039.6628958015
1.1553227562245596e6  298080.4852800001  0.0  832138.1899913594  0.0  1.2980030586338039e6
558832.5365692007  298080.4852800001  52347.65848210588  1.205784041947262e6  0.0  1.915003860731782e6
990029.0320732003  298080.4852800001  0.0  809840.7448342736  0.0  754940.9539338388
1.7340190986292001e6  298080.4852800001  195635.48439980656  1.3727109880086456e6  79972.45085883306  1.3986623209146145e6
741182.8308880611  298080.4852800001  15538.517616894116  1.3821689926747365e6  0.0  1.4498248656269368e6
315418.3300092004  298080.4852800001  291969.9142604927  1.1873640014237575e6  0.0  3.3896781738950447e6
909519.3320452003  298080.4852800001  181180.22185912938  1.8557588230783893e6  0.0  1.376625872209113e6
996012.478577825  298080.4852800001  290515.4103705497  1.4827686547034325e6  69892.08505958095  2.1862300723174554e6
961717.0641607317  298080.4852800001  0.0  527329.4857617446  0.0  3.1528793240800127e6
602965.6065733081  298080.4852800001  0.0  651369.1253088414  0.0  2.4775175899944e6
874238.5216887996  298001.8070200711  0.0  704837.0148756896  0.0  2.5036753941837903e6
1.240061553809871e6  298080.4852800001  0.0  1.0862391957097221e6  28357.591098937544  3.319725361754902e6
1.3927661399252e6  298080.4852800001  0.0  659335.1867987918  93238.68687362128  2.425912614227684e6
1.7535852180692e6  298080.4852800001  39080.375301259905  1.3147448141002262e6  0.0  1.6914873355411827e6
913854.453661693  298080.4852800001  283348.698519806  1.7146297440286456e6  0.0  1.2894901353103376e6
892531.8157492002  298080.4852800001  288773.5701198065  1.7126030901086456e6  0.0  1.3428529078643718e6
293038.74047320016  298080.4852800001  0.0  995991.0928403322  0.0  3.0783734984736866e6
575162.8849892004  298080.4852800001  0.0  1.2704972943891305e6  0.0  3.334491166979795e6
485320.3128309952  298080.4852800001  34149.92479580585  1.6206154191086458e6  0.0  1.755063932702361e6
696403.8609853507  298080.4852800001  0.0  605997.551036734  0.0  1.2150549529603398e6
1.4840210055252002e6  298080.4852800001  125618.20020007364  1.0540286797360003e6  0.0  1.7667178708491116e6
1.1601240354692002e6  298080.4852800001  107705.15566287407  1.514874630734732e6  0.0  2.0047116794360997e6
741987.1147892002  298080.4852800001  42862.55688818627  1.2774129227886458e6  79945.20582628656  3.1561052754532867e6
777992.0396092004  298080.4852800001  846679.2971442112  2.0740527992534079e6  0.0  1.8893379833208686e6
623037.1671520238  298080.4852800001  24346.557028415322  1.193097908132358e6  0.0  1.4790103961812002e6
80107.21952947669  297748.70304000005  66528.39925425833  1.6132102628638789e6  50733.4471033711  2.3916273673913013e6
585812.091434734  298080.4852800001  71695.35115131995  1.3091370462177333e6  0.0  1.2785978605235664e6
902994.6749484506  298080.4852800001  225119.29013580605  1.4612254321886455e6  0.0  853699.4272217277
1.461857270961551e6  298080.4852800001  0.0  946060.5842876085  0.0  3.213555358670364e6
1.0181986978052005e6  298080.4852800001  85039.2114523268  1.8941945113039454e6  3858.728869355738  1.9121419309725198e6
1.413672525750564e6  298080.4852800001  380463.85397818085  1.811296270344153e6  0.0  2.1171044183882005e6
560428.559329455  298080.4852800001  102851.0038558062  1.4117895716886458e6  0.0  1.8063787463157438e6
1.7801873800729166e6  298080.4852800001  0.0  1.6678227688898947e6  9245.805645273485  2.164669345886094e6
520694.88852520054  298080.4852800001  63835.20961650608  1.6078593439971625e6  0.0  996644.670803354
542917.0194692009  298080.4852800001  239461.8610207407  1.14900877784371e6  0.0  891580.924361487
496863.476719024  298080.4852800001  0.0  1.249982349804186e6  0.0  1.4676724209920785e6
654293.5911132004  298080.4852800001  0.0  632091.0719182532  0.0  676952.4444074217
1.3687391470492028e6  298080.4852800001  0.0  1.1650343785660553e6  63425.45617363592  2.525249543268474e6
1.2624350339492003e6  298080.4852800001  0.0  953292.5185106037  0.0  965812.6719238501
1.1815186590330536e6  298080.4852800001  0.0  769954.5178612608  0.0  1.4542870851280843e6
1.3403681200075876e6  298080.4852800001  165890.2149641165  1.3729197369927538e6  0.0  2.0718555932310566e6
1.3557210551292002e6  298080.4852800001  0.0  862457.3345157119  0.0  2.0246255239076852e6
1.6986966586169433e6  298080.4852800001  146115.58164798323  1.4782367832560358e6  0.0  1.5210969054822624e6
1.08222255108185e6  298080.4852800001  0.0  1.2590304832478256e6  0.0  846210.1455247308
48107.10482419292  297416.9208000001  137668.25277251244  1.467266936814576e6  0.0  2.070632711387541e6
1.70437064212185e6  298080.4852800001  0.0  1.1863681097563247e6  0.0  2.005408163475879e6
99838.20142595963  296090.25812  393174.50981180626  1.7778053819886453e6  0.0  1.2281394911408322e6
1.2813718013492005e6  298080.4852800001  13349.451745420494  937567.0122547819  0.0  1.435756184375608e6
1.0332617045387544e6  298080.4852800001  112212.53575580644  1.5783272459286458e6  0.0  839210.0019627704
598250.5722569218  298080.4852800001  212715.6589198061  1.249791840788646e6  0.0  849263.5779689914
9210.967999999979  297085.23780000006  0.0  1.513715240108012e6  0.0  2.1904657436853987e6
655239.2238292007  298080.4852800001  155371.23968453717  1.3946883602322408e6  0.0  1.1408107816018984e6
1.0949672134731999e6  298080.4852800001  133933.63379063006  840161.3872608996  0.0  1.3946614407738184e6
277049.39140920126  298080.4852800001  0.0  843388.1418686459  0.0  4.001482974020891e6
1.4748020150692002e6  298080.4852800001  0.0  1.5593216446747717e6  0.0  982352.6309305588
1.6087699449092005e6  298080.4852800001  0.0  962518.6212539473  0.0  1.2799829642702858e6
916285.9765532  298080.4852800001  221717.16269199352  1.7768951857854866e6  0.0  1.391692410032657e6
982744.5620292006  298080.4852800001  51701.38051599988  1.4299378077506092e6  0.0  1.5544013899376774e6
533719.7343932006  298080.4852800001  114018.85119135171  1.8649993937448682e6  0.0  1.6833570061957478e6
1.4470956290292e6  298080.4852800001  245461.48763512977  1.801182279688101e6  0.0  1.2201114952416066e6
1.6880249011219637e6  298080.4852800001  224589.82210619634  1.1537398185435545e6  0.0  1.9112348666753988e6
629377.225565201  298080.4852800001  0.0  977399.7763321574  0.0  2.1851614543047673e6
590339.1889932003  298080.4852800001  179698.30415580585  1.4738659809486459e6  0.0  2.4255769369033007e6
848622.9255892006  298080.4852800001  0.0  1.2218804584862872e6  0.0  1.583571354964484e6
903129.1349521632  298080.4852800001  126574.35463294413  1.124620289377962e6  20914.179094411575  2.397281604648267e6
595480.332058545  298080.4852800001  0.0  1.4437618679954812e6  0.0  835342.47622
1.4014475344052e6  298080.4852800001  103967.66916402  713972.7554586392  0.0  2.978862920413331e6
565257.5578843025  298080.4852800001  355371.38291980635  1.228984237528646e6  0.0  2.219829254248776e6
268088.8680292005  298080.4852800001  83825.86564000008  1.5779342927361578e6  0.0  956340.1372824255
925418.7656052002  298080.4852800001  224545.93575895592  1.8413108655990646e6  0.0  1.1722344781057395e6
467540.6092292007  298080.4852800001  96179.344610928  1.5709720683286458e6  0.0  738494.517187103
1.0704792607892002e6  298080.4852800001  0.0  817704.3132104172  118035.76875697136  4.336099103054624e6
575074.6836852002  298080.4852800001  90147.84475980609  1.4057155078686457e6  0.0  902936.5372112526
1.245671804821694e6  298080.4852800001  149596.9864398058  1.7577027973886456e6  0.0  1.7445483557104426e6
1.2268320141892007e6  298080.4852800001  0.0  927792.7758517233  0.0  1.440189212691823e6
49727.74073995791  297417.0200400001  0.0  1.222687976645941e6  0.0  1.9558777212752537e6
873767.9882732003  298080.4852800001  161703.07324604574  1.8511310911758281e6  0.0  1.1332317575447424e6
0.0  296421.8718  100839.25935252714  1.6350324471139514e6  0.0  1.3289249972575975e6
307541.2153132007  298080.4852800001  0.0  1.0751807522252535e6  133620.26928454544  3.782157959043841e6
191235.80993705368  298080.4852800001  0.0  600851.0917942104  0.0  1.226777874648745e6
959479.8967492001  298080.4852800001  0.0  989136.2842660843  0.0  2.0260221534242653e6
735743.2932404242  298080.4852800001  220003.194342572  1.0141328526425482e6  0.0  1.7981685828215582e6
868079.9298332002  298080.4852800001  473543.51973180607  1.9163294992686454e6  0.0  1.0435008035757799e6
1.1771818111092006e6  298080.4852800001  155554.14113885598  1.1915564952251122e6  0.0  1.12344217738e6
1.3025966029132002e6  298080.4852800001  182300.254051806  1.6223029634286456e6  0.0  1.0754521464514553e6
1.0107208774292006e6  298080.4852800001  0.0  1.0476479725290918e6  0.0  1.0384960388896788e6
1.0375371036483117e6  297748.70304000005  0.0  674706.512791233  0.0  1.2005737359750022e6
1.444041469451023e6  297748.70304000005  0.0  1.0547265054991222e6  0.0  682659.5089724705
916646.7242292003  298080.4852800001  0.0  462096.68563370453  150679.46253224686  2.8224052186000007e6
515165.5764332006  298080.4852800001  44646.89891676164  1.095187587370911e6  0.0  1.454830226934e6
1.0583539242292005e6  298080.4852800001  144063.92928297343  1.43787518268239e6  0.0  2.3054064859845904e6
1.2123973360487972e6  298080.4852800001  0.0  496235.98776864586  0.0  1.8462232976701274e6
823500.9943932001  298080.4852800001  0.0  1.0046665750372626e6  0.0  1.467476228001081e6
867374.3651132005  298080.4852800001  95119.79411543385  955091.1368973546  0.0  889264.6185186098
545159.4918770511  298080.4852800001  40429.45027599079  867268.102584865  0.0  725000.5723275119
1.173984155777055e6  297748.70304000005  22811.184936020632  1.2129753253629438e6  0.0  1.9517084204529647e6
86128.63772552004  297748.70304000005  0.0  872649.1419690398  0.0  1.0472302708860494e6
938497.3337732002  298080.4852800001  0.0  1.1839366993281043e6  0.0  934292.8073400002
600430.8920170531  297748.70304000005  19510.256194157424  1.3446062198467655e6  0.0  1.7294156789947527e6
165524.41982119984  296421.77256000007  0.0  489952.3317713867  0.0  1.7659696932385182e6
430711.847004352  298080.4852800001  343401.33828847663  1.7042699686944669e6  0.0  1.3559598803679382e6
405983.48209716764  298080.4852800001  39079.08403980588  1.4069927636686459e6  0.0  1.5558364382886067e6
413582.89706169383  298080.4852800001  0.0  448592.97384864587  0.0  762317.2125633502
414730.64030120155  298080.4852800001  0.0  768224.416768646  0.0  1.5284036575784688e6
175276.51459320038  298080.4852800001  91158.83554586487  1.3675847266486483e6  0.0  2.077910992897217e6
1.3441716367092005e6  298080.4852800001  390929.3649318061  2.0123260157486454e6  0.0  1.3161419183507045e6
607206.3113092006  298080.4852800001  130586.53570572949  1.5216881583081891e6  0.0  1.2676300300620731e6
1.4683977638692004e6  298080.4852800001  0.0  1.112163859308646e6  0.0  1.2117223944845137e6
428112.1807492006  298080.4852800001  163104.47566995662  1.3798863560143865e6  0.0  814630.822935411
863733.1433332005  298080.4852800001  51667.9313109806  1.3343518129588673e6  0.0  1.1214328683868577e6
787103.2588692006  298080.4852800001  71480.66075139286  1.1974267058821209e6  0.0  1.6846384608446015e6
226644.0667137143  298080.4852800001  227892.27846380678  1.5818746676552605e6  0.0  1.259786756831329e6
1.4015447668330397e6  298080.4852800001  0.0  1.053222907529494e6  0.0  1.5885359850159134e6
718833.8725092002  298080.4852800001  0.0  971278.4105584831  0.0  2.046096115424788e6
944844.0571492004  298080.4852800001  148993.01663980595  1.2024252266286458e6  0.0  1.6275012423926415e6
95498.36674996992  297841.1449484237  0.0  726995.2047355105  0.0  2.0934277444727733e6
861767.9330847998  298080.4852800001  189773.69145966874  1.2414229969316525e6  0.0  1.096890609731292e6
729676.5303492048  298080.4852800001  0.0  1.3925892964789527e6  0.0  1.219486835409354e6
536630.611641502  298080.4852800001  0.0  378545.9539924032  0.0  1.0273997466826036e6
1.8875786552052004e6  298080.4852800001  0.0  519735.8334958904  0.0  1.426198192038407e6
992616.4341252001  298080.4852800001  276457.8360089021  2.0395075600094695e6  0.0  1.6824573979490069e6
245080.18994920148  298080.4852800001  0.0  941815.9126737883  0.0  1.171719736495013e6
908770.6951932001  298080.4852800001  32195.873931806  1.1640418182086458e6  0.0  1.4652096533488932e6
1.0786583946692e6  298080.4852800001  510121.90685224277  1.5562965426914536e6  0.0  1.8430037331383564e6
523239.2184452005  298080.4852800001  31400.465574090584  1.0631663934748818e6  0.0  1.0019682346623074e6
878933.6301471066  298080.4852800001  0.0  565346.059728646  0.0  1.0757795464201993e6
1.0070648441829755e6  298080.4852800001  0.0  834591.6615676214  91801.6414921259  3.477698380082011e6
93763.32188520032  298080.4852800001  126049.80957180582  1.7871073654686457e6  0.0  1.7258155924491684e6
1.5215093938692007e6  298080.4852800001  83060.29163780881  1.399426102648812e6  0.0  1.8073546000699997e6
673828.6300723789  298080.4852800001  0.0  1.1192510443445824e6  0.0  1.6323429601411836e6
722323.4816131985  298080.4852800001  211878.33303111058  1.5786912583686458e6  0.0  1.5447301209087912e6
0.0  295107.5986312603  144294.0511388217  1.8844403573371593e6  0.0  1.1872583780333712e6
544403.9599670455  298080.4852800001  165820.3695158057  1.4603747290686457e6  0.0  988983.6582885785
1.16430032074007e6  298080.4852800001  0.0  712656.180588646  0.0  2.2831868710375368e6
511377.83608431194  298080.4852800001  283682.35528755817  1.7281332418406354e6  0.0  766628.6100124229
1.2570619959647981e6  298080.4852800001  0.0  1.0693928269132513e6  68892.6007095913  2.9933386961405003e6
324609.0133092011  298080.4852800001  0.0  959614.0713670757  0.0  1.4618788270576245e6
1.1213805098852e6  298080.4852800001  0.0  1.1937501211788496e6  0.0  1.622112182756088e6
572226.2988461129  298080.4852800001  0.0  504471.2068831063  0.0  871843.4526323188
913761.0721059383  298080.4852800001  0.0  708207.2383884308  0.0  2.1195718625552445e6
225752.68607914093  297748.70304000005  155896.18003580664  1.7211586991086456e6  56893.73688519982  4.7865269047e6
1.5373020335052e6  298080.4852800001  5371.275015518073  1.7277380315709438e6  31491.720184752292  1.4386323157077099e6
523354.2755492007  298080.4852800001  480874.46936000005  1.9388915544785005e6  0.0  3.353823341148044e6
1.3550098564052e6  298080.4852800001  120773.9362358059  1.6025377136286455e6  0.0  2.63351582205981e6
1.075136400521086e6  298080.4852800001  479670.1327338737  1.9598201057099511e6  0.0  1.787603519399526e6
387499.4576332857  298080.4852800001  0.0  1.064828212891359e6  0.0  1.4052570768206965e6
121873.99127735676  298080.4852800001  0.0  734586.903859884  0.0  1.1971690943936678e6
1.5235495388989213e6  298080.4852800001  182214.40691580588  1.6336794214286457e6  0.0  1.2023253623229105e6
645271.4852845502  298080.4852800001  0.0  919518.4841922085  0.0  2.347025407874466e6
1.0548253235252006e6  298080.4852800001  0.0  1.0833182489111172e6  0.0  1.7087452318961397e6
922220.3083932002  298080.4852800001  0.0  640594.4234906825  0.0  2.8014049117672765e6
158141.42757025702  298080.4852800001  0.0  708422.8153506004  185024.849049718  2.5039495731068547e6
718714.0270732  298080.4852800001  0.0  957001.1493242536  0.0  2.5227608771459246e6
1.0759886254345507e6  298080.4852800001  0.0  639455.3410547957  0.0  1.3051596113208632e6
271146.1859543385  298080.4852800001  488667.5699614302  1.8517285387718298e6  0.0  2.2176711853198246e6
511798.9330337889  297748.70304000005  0.0  855601.4435592612  0.0  1.1407159730844821e6
904225.5167492004  298080.4852800001  61838.829708105055  1.582485418014597e6  0.0  981868.0909666708
776502.7603492008  298080.4852800001  171158.6511598064  1.3423711752286458e6  0.0  1.0111033322376934e6
13192.450659394917  297085.3370400001  299026.1331731108  1.6614160713978952e6  0.0  1.6343413737034816e6
827001.7209892005  298080.4852800001  0.0  1.2992696515452876e6  0.0  1.8598368348663836e6
1.3384835741892003e6  298080.4852800001  0.0  790429.0528965432  0.0  1.4428529717754507e6
1.1413975819378337e6  298080.4852800001  20779.060560147245  1.574099490639344e6  0.0  1.493986244656831e6
587577.393111496  297748.70304000005  0.0  500844.69962864585  0.0  1.2864946332875707e6
921493.1466730535  297748.70304000005  161673.94748392323  998701.5835886459  0.0  1.9438546233724796e6
1.0432064928892006e6  298080.4852800001  0.0  1.0440553239034525e6  0.0  2.1612875504499627e6
1.1804937933132006e6  298080.4852800001  13242.539165312144  971426.3320388331  0.0  1.7776021186143418e6
150258.95028328706  298080.4852800001  0.0  1.0929919953140682e6  0.0  1.2665194500174792e6
427784.8828292001  298080.4852800001  0.0  948282.3212161916  0.0  1.9200552476096242e6
753052.1957932003  298080.4852800001  0.0  601736.270868646  0.0  1.526741588680684e6
1.0755300939492001e6  298080.4852800001  0.0  839422.6548943297  0.0  2.4125450340823373e6
1.1362298016692004e6  298080.4852800001  0.0  659364.6396665642  0.0  859301.3163929984
58143.909277271094  297748.70304000005  44397.789519806334  932905.2374821162  0.0  1.2137793329964478e6
725369.5311292001  298080.4852800001  0.0  476612.22754864587  0.0  1.156382442771332e6
1.1289429888852001e6  298080.4852800001  0.0  425986.23620864586  0.0  1.1216603600954534e6
1.3615223726847968e6  298080.4852800001  71787.85283560934  1.1142694901549497e6  0.0  1.9293230029126762e6
417886.4356679884  298080.4852800001  194440.18845024565  1.8601664387486454e6  0.0  1.6624402193201631e6
917440.4559692005  298080.4852800001  447369.8341958057  1.7262984781086456e6  0.0  1.912093658846337e6
554632.9743932006  298080.4852800001  54339.58539685708  899791.8842579458  0.0  2.0233032312737938e6
701047.3675932004  298080.4852800001  0.0  569914.419544281  0.0  1.0203467280148749e6
640964.0321288309  298080.4852800001  468547.043932865  1.9330677553075447e6  0.0  1.3033795545608983e6
344016.3057532003  298080.4852800001  0.0  1.1555676792964458e6  0.0  2.06773635290617e6
312720.6134731999  298080.4852800001  0.0  959533.6969085743  0.0  990256.076505883
1.400029549337086e6  298080.4852800001  211431.31199368328  1.7257038143702166e6  31294.428970450495  2.164120477176968e6
658816.1834429279  298080.4852800001  416221.47433308215  1.9434523296559784e6  0.0  1.7845796649189193e6
0.0  295758.60504  503374.7305945262  1.934433645360074e6  0.0  2.5829167457271405e6
726269.0443387651  298080.4852800001  0.0  821030.690788646  0.0  1.4619757874497476e6
968747.6498292005  298080.4852800001  583250.3591057062  1.8011244812993975e6  0.0  1.0361066825865228e6
1.0085263993198099e6  298080.4852800001  223474.7515205698  1.335590375682355e6  0.0  1.0999843678458605e6
873876.7892969135  298080.4852800001  425587.7581568549  1.4618331599095827e6  0.0  2.4012542117905514e6
65815.13079320021  298080.4852800001  0.0  608816.1363615555  0.0  1.491094557336882e6
869664.5204768812  298080.4852800001  74487.70209180676  1.0912182645086457e6  13292.504450400724  2.0587048661375938e6
373775.2419067444  298080.4852800001  37037.86688212775  1.7538279598178393e6  0.0  3.074686051959491e6
759942.1027092002  298080.4852800001  199277.9687177279  1.5775966839485145e6  0.0  2.0494205277629688e6
672536.9874692  298080.4852800001  0.0  1.1470043659989086e6  0.0  1.1060018922001165e6
556287.143109201  298080.4852800001  329608.46830898226  1.5996982904768714e6  0.0  2.5785878005447877e6
192754.77320800035  298080.4852800001  7827.511416628283  1.4084236562086458e6  0.0  1.4537014668707352e6
950629.8249892007  298080.4852800001  43733.711108873315  1.3454170324574125e6  0.0  1.9576269672341025e6
685491.4318202771  298080.4852800001  0.0  1.267346939958243e6  0.0  1.197344917212217e6
566847.9064732005  298080.4852800001  198935.86859272703  1.654243785108646e6  0.0  1.3962550189456237e6
958149.894199871  298080.4852800001  0.0  925760.0875456934  0.0  841476.9220124187
822023.3413492003  298080.4852800001  0.0  867031.4186567194  0.0  1.3982313345997182e6
805649.9086332002  298080.4852800001  0.0  629420.0403886462  0.0  1.8179305373884132e6
154992.88996800064  298080.4852800001  0.0  969615.7815326035  0.0  1.2548334731619626e6
252257.70330049898  298080.4852800001  0.0  511838.07228102314  0.0  1.1184323966817567e6
1.2000024521492e6  298080.4852800001  31862.382035806244  1.1043239787686458e6  0.0  910643.1716216782
1.0742751810421655e6  298080.4852800001  0.0  758014.1952852698  44175.73384315065  3.064056593744831e6
916755.2102332002  298080.4852800001  327223.42027208116  1.8895114019404992e6  0.0  744092.1901200004
958347.3463289635  298080.4852800001  388824.22447980614  1.6948540374086457e6  0.0  720922.1839400003
1.56236301754282e6  298080.4852800001  41621.249622045194  1.2850022284290867e6  412.7086656437625  1.0261788832267164e6
212848.23626945255  298080.4852800001  169107.14397162662  1.6923237437886456e6  0.0  840827.3708839993
407547.901831612  298080.4852800001  0.0  929093.426300232  0.0  1.2073247256360187e6
852930.0365525509  298080.4852800001  167315.9423559999  1.3810802102533106e6  0.0  1.2420522416962634e6
380843.8195532001  297417.1192800001  78251.12101886998  1.3239050939461214e6  0.0  2.4818483463652926e6
1.2549557559452006e6  298080.4852800001  161479.020879806  1.1103554880886457e6  0.0  921156.5573541519
626711.5218756121  298080.4852800001  71139.75711999998  1.3648031970367362e6  0.0  1.8857370795679667e6
1.479628556712145e6  298080.4852800001  131227.06610729764  1.0806657301893705e6  0.0  1.09314109614e6
1.1468614986291998e6  298080.4852800001  0.0  997799.9875272309  0.0  987747.2589018646
704081.6044452005  298080.4852800001  488309.1827836152  1.544027728826324e6  0.0  1.57904157752e6
1.4273976548554236e6  298080.4852800001  0.0  566431.7893943039  26423.88175280321  2.364692284096936e6
1.2069468370692008e6  298080.4852800001  16643.083387850646  1.388300701268646e6  0.0  1.0230992476948194e6
566352.652477694  298080.4852800001  0.0  985376.0593563587  0.0  2.341387349544335e6
1.0326834363892006e6  298080.4852800001  0.0  803061.6178881695  0.0  2.801203952639831e6
1.0621173139769733e6  298080.4852800001  0.0  708409.0586086462  0.0  785713.5940000003
311294.45497765765  298080.4852800001  5747.23071580618  1.0319336210286459e6  8276.099584994885  1.9390894935065454e6
885347.6775452006  298080.4852800001  0.0  842400.1463842632  0.0  1.2252144885445035e6
849233.8676410881  298080.4852800001  433389.2403816179  1.8764643594959811e6  0.0  2.0808513754074543e6
1.6863073697258388e6  298080.4852800001  0.0  1.5698823817884908e6  3205.424135849144  1.7934190065892176e6
1.1938292301252005e6  298080.4852800001  0.0  1.356094846978158e6  0.0  1.3895620214806853e6
615081.2318292006  298080.4852800001  57797.33747754795  1.3031451948866923e6  0.0  2.4781400808178335e6
710364.5733245458  298080.4852800001  82048.39531241295  1.131789701899337e6  0.0  737404.3807792128
923193.9274052003  298080.4852800001  0.0  965663.7149877708  0.0  2.4532570148367984e6
1.224718466896916e6  298080.4852800001  0.0  627949.8610920995  0.0  2.1183740057512308e6
531792.054537283  298080.4852800001  101044.25939007956  1.2524252530890189e6  0.0  2.039113715137197e6
393525.2588169226  298080.4852800001  101688.35966619111  1.6479485661384119e6  0.0  997519.7015372291
674154.1722810862  298080.4852800001  443214.45663512964  1.8561312880783891e6  0.0  2.977808759606727e6
966807.9303292002  298080.4852800001  0.0  393198.79555485694  0.0  2.0215154478913296e6
258859.67211551237  298080.4852800001  177424.39330268913  1.5242624212403058e6  0.0  2.1396741222481583e6
1.4648474382194006e6  298080.4852800001  0.0  642941.6395018266  0.0  2.701378114821948e6
669891.5778342563  297748.80228000006  0.0  703291.8539536947  0.0  846229.5114685063
898705.9011692007  298080.4852800001  106498.78752290741  823427.4893725676  0.0  2.6693176843226003e6
855524.2837206658  298080.4852800001  0.0  633161.6711686461  0.0  1.699810094852707e6
157438.3562600008  298080.4852800001  195237.2071718062  1.677382600908646e6  0.0  1.4308677376600003e6
1.3703168395892004e6  298080.4852800001  45137.06771100829  1.309330452126164e6  74433.91253301653  2.724721715612115e6
1.5178406870570858e6  298080.4852800001  0.0  722572.4993728409  0.0  2.2522575350640994e6
407479.1150978786  298080.4852800001  235112.16562100063  1.5182168148298245e6  0.0  3.0047705776334517e6
1.1022476621016937e6  298080.4852800001  0.0  727013.8175909523  0.0  2.3088931538492884e6
519504.0680692006  298080.4852800001  0.0  422190.52372864593  0.0  1.229126193080062e6
1.3842898946292e6  298080.4852800001  0.0  1.586693892510383e6  0.0  830601.2250400004
105061.09479154085  296090.18880000006  0.0  868032.1020851469  114273.48083455212  2.32817666980297e6
760205.3348112332  298080.4852800001  0.0  545790.656948646  0.0  1.5628679839377e6
1.0756274605092006e6  298080.4852800001  90600.35398657789  842058.4675385085  0.0  2.4191106016680924e6
1.008327456126261e6  298080.4852800001  0.0  1.1757746623952785e6  0.0  1.2211652146722132e6
1.8254264773447998e6  298080.4852800001  196735.33057296413  1.3429443322878287e6  0.0  1.9203981452950926e6
1.0103827229092005e6  298080.4852800001  217985.1391235605  1.654753665053675e6  0.0  1.5710577143815474e6
1.0252534079092006e6  298080.4852800001  0.0  954908.8164069294  0.0  1.7358551700770366e6
1.166422225236511e6  298080.4852800001  0.0  569252.119128646  0.0  787482.5117953015
589442.9709492  298080.4852800001  0.0  764261.941888646  0.0  1.2766492899082894e6
726485.1293590957  298080.4852800001  186838.0042958063  1.6849475860286455e6  0.0  1.4935957602510257e6
933971.0424732004  298080.4852800001  202533.81785808792  1.2799320973795897e6  0.0  2.557644372750892e6
383848.4703006323  298080.4852800001  0.0  928604.9960445544  0.0  3.4131549035017383e6
128517.52289827613  298080.4852800001  623114.1399123885  1.9256332664704085e6  0.0  1.8516505569611136e6
1.0390125047055078e6  298080.4852800001  11011.988603122287  1.2340027484922379e6  0.0  1.6355158968126264e6
768680.9602107983  297748.70304000005  0.0  585945.9696686459  0.0  751103.4581574405
1.428057849936077e6  298080.4852800001  124143.6475604485  1.537034783333016e6  0.0  2.1500179008919094e6
794120.2920732002  298080.4852800001  176981.2932705275  1.5756511368805123e6  0.0  1.3034477594400004e6
1.0080900375492005e6  298080.4852800001  0.0  710170.096709237  0.0  2.0044468190671513e6
831196.6388688004  298080.4852800001  0.0  584760.1944086461  0.0  1.9839357628286283e6
1.250638269655678e6  298080.4852800001  5183.495072408489  1.018645166432252e6  0.0  1.027299785195416e6
849394.4641532  298080.4852800001  407869.94444720144  1.6769241418373391e6  0.0  1.2784757266602616e6
718234.0156452863  298080.4852800001  0.0  646326.5420486459  0.0  1.723573582291956e6
1.046770092346171e6  298080.4852800001  0.0  1.0594162303486457e6  0.0  1.6503624294990832e6
1.3885639271892007e6  298080.4852800001  0.0  899726.2941629916  0.0  1.219536403105517e6
30549.625585199952  296753.65404000005  228396.46622066438  1.3643202350356148e6  0.0  1.665455958699493e6
868786.3343332005  298080.4852800001  287469.6367656344  1.6361903230639026e6  0.0  1.9999275064021978e6
939275.021564543  298080.4852800001  0.0  965815.9023528014  0.0  2.0527418834083194e6
1.5127363468292002e6  298080.4852800001  211352.03846008432  1.712903495398759e6  0.0  2.4172103373756553e6
1.7281110493200861e6  298080.4852800001  284148.9255223002  2.0147296367486452e6  0.0  3.5589592603123924e6
817801.7581532008  298080.4852800001  333333.15917180595  1.9459022779686453e6  15086.225968222663  2.3799501632525017e6
203921.10514920083  298080.4852800001  144235.43573568817  1.8294240170346745e6  0.0  1.815122661436784e6
800762.076705874  298080.4852800001  255301.4070056482  1.855999869872565e6  0.0  1.179686103054254e6
486757.51375320053  298080.4852800001  0.0  1.0999583619850522e6  0.0  1.444489161011285e6
746817.9932332003  298080.4852800001  64967.5148038427  1.5438764465074115e6  0.0  797472.0219720013
1.0120688328852e6  298080.4852800001  101763.45823580596  1.1210695128286458e6  0.0  702908.6499460926
0.0  296421.97104000003  0.0  408606.775202613  19683.49203431896  2.374403723882368e6
534007.3826892005  298080.4852800001  226168.29423155295  1.5789675616827675e6  0.0  1.4719845320710714e6
997207.9392939627  298080.4852800001  0.0  1.0797023138525384e6  0.0  741689.3850200003
720451.7789274155  298080.4852800001  324954.9170759444  2.0111766659962086e6  0.0  1.91188039499651e6
165625.76286920055  298080.4852800001  0.0  628366.3178139172  0.0  1.1314653896261528e6
962587.4213652003  298080.4852800001  0.0  918831.0403779852  0.0  1.313237264346056e6
538107.1721532003  298080.4852800001  0.0  1.5383484086698506e6  0.0  1.342544902311517e6
740300.9663782566  298080.4852800001  0.0  884961.5640637091  0.0  1.1846985192399998e6
743129.9147892005  298080.4852800001  277193.37516925123  1.4782373880350017e6  0.0  1.8043604913831463e6
318238.0747292007  298080.4852800001  0.0  775714.8759274932  0.0  1.7355611940875396e6
978796.6870687999  298001.8070200711  0.0  702153.8676986954  0.0  683367.9065746433
683804.8811892003  298080.4852800001  101662.5410063604  1.3758466125991861e6  0.0  664362.5095200003
414017.2766447731  297748.8022800001  0.0  798692.3249847144  0.0  1.2038601586338915e6
679269.7022452  298080.4852800001  6354.668088186046  1.497175515728646e6  0.0  1.163534955290001e6
1.2205789400087856e6  298080.4852800001  131331.03121180582  1.1790711727686457e6  81454.56109842367  2.459941046178003e6
1.1220940513492008e6  298080.4852800001  51180.90434090467  1.5945594886246952e6  0.0  1.8389951007563998e6
1.0791518290185456e6  298080.4852800001  0.0  1.3702681822688612e6  11619.879698348414  3.3466910891856016e6
1.0272030066100562e6  298080.4852800001  64789.53559580557  944589.956628646  5848.964426163152  2.6042163021489987e6
1.1230196279251997e6  298080.4852800001  25005.57749463124  1.4404156407965797e6  0.0  1.8968151605846942e6
662829.9642732003  298080.4852800001  142816.43609474608  1.5299341222224222e6  0.0  2.197750008427484e6
1.1811842939281224e6  298080.4852800001  0.0  735033.8890457915  12598.809185807537  2.8541317249455396e6
776975.8249116014  298080.4852800001  122478.76527580568  1.3231042889086457e6  0.0  1.5271032022970247e6
958579.0694287997  297900.22675007104  401471.2492398065  1.7192503737086456e6  0.0  1.7950487808466651e6
207983.64486920025  298080.4852800001  558214.2043890506  2.0182326845872244e6  0.0  3.0059488500365536e6
523756.57543320104  298080.4852800001  106704.6405151555  1.5725925962238002e6  0.0  1.2742928726024323e6
1.1042060668099048e6  298080.4852800001  0.0  846367.8665936675  0.0  1.3031797299734955e6
635938.8047556197  297748.70304000005  9120.287810149299  634207.2840134844  0.0  1.6073437306192184e6
1.1277961890852004e6  298080.4852800001  91449.73858217696  1.7079721064371343e6  0.0  1.5562979256546437e6
1.214465898922579e6  298080.4852800001  125006.86743580626  1.7249308422086455e6  0.0  1.4273358975406112e6
416341.0321932001  298080.4852800001  0.0  804918.5517929632  19304.050897280962  2.0709579345659832e6
880680.5226292001  298080.4852800001  91381.13969431972  1.6788606295886457e6  0.0  1.1288966556799628e6
1.4152670491092007e6  298080.4852800001  86996.23139953766  1.2627696111675473e6  0.0  1.4762804903985464e6
1.2886539515092005e6  298080.4852800001  12427.252334184004  1.1192359596352617e6  0.0  720113.8150260473
814090.3665892  298080.4852800001  1365.8497958061046  1.6877779331086457e6  0.0  924183.2983122426
395310.1786305981  298080.4852800001  0.0  1.367916587172382e6  0.0  3.429668607579874e6
604262.7099252007  298080.4852800001  0.0  551382.9548581918  0.0  1.7236131561896917e6
1.3297014990292003e6  298080.4852800001  0.0  547478.7460200557  0.0  1.4542933459371664e6
1.4988810985402064e6  298080.4852800001  441374.3990438781  1.5261627012686457e6  0.0  1.7903279054574256e6
73853.32565801711  296753.65404000005  0.0  604231.1830645849  0.0  821717.6240503226
1.3563695262566805e6  298080.4852800001  0.0  772266.4376357102  7230.044459178944  2.1544213332184977e6
1.0442990041532002e6  298080.4852800001  5367.9353958062375  1.6105593721086457e6  0.0  977637.34813192
883162.88425498  298080.4852800001  0.0  938860.1221982734  70238.10370537406  1.9007174805285996e6
938665.7375092002  298080.4852800001  376765.57648204156  1.7732178180723516e6  0.0  969266.562558193
14387.543228508977  296753.65404000005  574633.784152787  1.9143407261032257e6  0.0  788823.4543531146
923180.7251487977  298080.4852800001  0.0  530539.3398107757  0.0  1.099419384799368e6
1.1725539282292002e6  298080.4852800001  0.0  623744.402648646  0.0  883909.6813070832
548331.7122066418  298080.4852800001  0.0  844256.9211222054  0.0  1.528476288616406e6
765625.1678492002  298080.4852800001  0.0  590414.7302452665  0.0  1.1538524249537191e6
404042.5614332007  298080.4852800001  204572.79211124012  1.5008757360379985e6  0.0  883050.2948021373
819384.1933132001  298080.4852800001  0.0  1.2744552560510118e6  0.0  1.36959809633435e6
1.1905895978291996e6  298080.4852800001  120854.7145084758  1.0977721033353733e6  0.0  1.0313622138357098e6
1.003532821628797e6  298080.4852800001  0.0  413578.3759886459  0.0  999646.8173584045
1.5406114851865978e6  298080.4852800001  0.0  731412.2078892882  0.0  2.258187033710473e6
565701.1066732004  298080.4852800001  0.0  632248.5832053014  0.0  2.2246402616481837e6
1.2586646548975953e6  297748.70304000005  515518.5066833847  1.996727531273149e6  0.0  1.7837900335422468e6
1.1249121047252007e6  298080.4852800001  0.0  448622.0587286459  0.0  1.5330753628522817e6
1.247385249355401e6  298080.4852800001  354364.11899980553  1.5442563544486458e6  0.0  1.0768056974986498e6
173113.84558920035  298080.4852800001  0.0  1.0823546124718864e6  26937.546939151245  2.592634960416791e6
448080.7022732003  298080.4852800001  105592.85936765591  1.0813188354126029e6  0.0  1.6693296223181924e6
632647.4234628979  298080.4852800001  150521.87733580585  1.8597939737486455e6  0.0  1.0243570068131716e6
560985.3424732  298080.4852800001  114586.8593324197  1.3461294027729107e6  0.0  1.9488605522882345e6
752415.9591490243  298080.4852800001  469546.85927628435  1.5857580683565207e6  0.0  2.048319304772823e6
1.4805956821489227e6  298080.4852800001  73904.20721739501  1.3513565176277072e6  0.0  2.0672553523661674e6
183560.67179320086  298080.4852800001  69096.6381431096  1.5761829101487356e6  0.0  1.636142795691949e6
1.371778887232913e6  298080.4852800001  581058.4706139152  1.9336673478723012e6  0.0  1.5370490997345855e6
0.0  297417.0200400001  0.0  709677.5923549758  0.0  1.5754522056880377e6
242661.56802920077  298080.4852800001  142076.9652017846  1.1321817785561865e6  0.0  2.0321619674740594e6
838010.822379401  298080.4852800001  0.0  988014.0836999529  0.0  1.4308143740380183e6
1.0948545770366474e6  298080.4852800001  0.0  793985.3079197359  0.0  1.2783440234496533e6
504724.891021066  298080.4852800001  0.0  720297.3602221475  0.0  1.526636171415903e6
784684.650297053  297748.70304000005  0.0  677035.8115482524  0.0  1.300554584160025e6
334307.4323640008  298080.4852800001  0.0  387282.3504686459  17243.621460833943  2.7021330346444384e6
1.0216877576292002e6  298080.4852800001  4303.854264714334  477199.7184039095  0.0  1.136435476363014e6
381658.84638920065  298080.4852800001  619251.1632048427  1.9615601783706676e6  0.0  1.3161784543916017e6
937315.8621491997  298080.4852800001  150746.84015209362  1.5358830176906753e6  0.0  2.0237610199383725e6
562386.4707734056  298080.4852800001  282349.97244441847  1.7635409561139597e6  0.0  1.8194105666789527e6
717152.0480332001  298080.4852800001  19058.635170015306  1.317768349144603e6  0.0  1.2702226882637115e6
1.0350057202692004e6  298080.4852800001  0.0  405789.6962402996  0.0  1.8480000984226032e6
717249.1860332  298080.4852800001  12421.97178615957  1.208963455003642e6  17647.048245510647  2.2360232499448014e6
613048.7318406829  298080.4852800001  239116.9544845318  1.6932341899628015e6  16807.026227555667  1.8176778766137145e6
1.0891026952852001e6  298080.4852800001  50384.91871980623  1.1019074642486458e6  0.0  2.120945351385429e6
1.1826813589969126e6  298080.4852800001  0.0  1.262458348260818e6  0.0  870967.6794596399
1.553161296909201e6  298080.4852800001  0.0  875628.5527019756  0.0  1.3237124739995317e6
59713.95015320106  298080.4852800001  98843.80922858129  1.4227450582527418e6  0.0  782945.4772536227
667416.7063532007  298080.4852800001  0.0  1.1996745048088317e6  0.0  919599.7152484814
1.0759395601993997e6  298080.4852800001  41217.150805300116  1.0381952440945922e6  0.0  1.326306445882752e6
660965.2040996719  298080.4852800001  232433.14603664266  1.8270537325506483e6  0.0  832971.7526728873
456051.1685088002  298080.4852800001  0.0  670323.1910313595  0.0  1.328841533902557e6
1.4556461555892003e6  298080.4852800001  49508.3911198063  643429.855108646  0.0  1.8330176036276591e6
526456.1775892007  298080.4852800001  307079.96903980634  1.7706343483086457e6  0.0  1.545636198961218e6
667281.1829416933  298080.4852800001  215468.9933299734  1.4434754759886456e6  0.0  1.9564058859214748e6
453206.2720692003  298080.4852800001  129588.48762054072  1.5996088736512137e6  0.0  768155.6623787442
966335.2527532005  298080.4852800001  0.0  1.154930198641553e6  0.0  1.0341051666815891e6
2.3377154888495305e6  298080.4852800001  0.0  811995.3354521985  0.0  831045.7496307892
1.2047290051091998e6  298080.4852800001  0.0  729964.4231670283  0.0  748426.3563149065
1.0946310817092e6  298080.4852800001  0.0  648882.1850504397  0.0  1.5963264996658186e6
381897.72587320046  298080.4852800001  97998.41670334915  1.445273753455778e6  0.0  1.6672312742310201e6
710331.0195930531  298080.4852800001  139883.88138920776  1.6068043014889723e6  0.0  2.857139236821105e6
1.2367308335092e6  298080.4852800001  402816.89823745587  1.8916233315318355e6  0.0  1.1660772151926165e6
832837.4634732001  298080.4852800001  21750.92191980548  1.0314314288686459e6  0.0  2.8487413815717245e6
739579.2425692003  298080.4852800001  0.0  1.1552003682130007e6  0.0  1.8445581532686478e6
568139.9548339921  298080.4852800001  0.0  1.1446938503473625e6  0.0  976244.3503777022
43142.96020489714  297417.0200400001  0.0  636911.026816471  0.0  1.1466320999183957e6
534483.0054066003  298080.4852800001  0.0  661514.1538398518  0.0  2.1122219108105255e6
1.0069989161370869e6  298080.4852800001  0.0  1.176916631575705e6  0.0  914373.4499569535
434119.2289532004  298080.4852800001  177255.74680478475  1.175136083482795e6  0.0  2.7673655745047387e6
423811.74435320037  298080.4852800001  91732.3906620348  1.5451139167482227e6  0.0  2.0966564406960618e6
404609.8896707386  298080.4852800001  1142.0765204278907  1.0264243158489392e6  0.0  1.0504170577330203e6
227312.62122920103  298080.4852800001  519266.2408953177  2.0056256691806347e6  0.0  871238.2972619496
905949.6933932002  298080.4852800001  0.0  916369.5828646023  0.0  1.360561892015189e6
1.2477071989492e6  298080.4852800001  0.0  1.2557580582913596e6  0.0  1.8665888226615572e6
932366.8524692  298080.4852800001  0.0  1.1027552441176765e6  0.0  1.4169472586161657e6
989179.5774052001  298080.4852800001  0.0  1.41643026869228e6  0.0  3.5098294822934293e6
1.8986463118886477e6  298080.4852800001  0.0  608719.0132807328  0.0  2.286439815663593e6
536768.964804577  297748.70304000005  276727.96512769547  1.0877902525796385e6  0.0  2.0631362772796322e6
1.2342685308970874e6  298080.4852800001  83394.67346473409  1.0093479150585296e6  0.0  2.0935594179485056e6
1.2203015397308404e6  298080.4852800001  0.0  992740.6263103476  38917.66023121705  2.541642412457297e6
774108.7429131998  298080.4852800001  18343.40289399996  1.5526143409028344e6  0.0  929899.1662026021
1.1023063779252e6  298080.4852800001  0.0  488373.213948646  0.0  2.6040504400357357e6
618820.8391252002  298080.4852800001  405799.4867412405  1.6513254593965306e6  0.0  933490.7733068569
929672.1300692004  298080.4852800001  55961.78271980595  1.045822286228646e6  0.0  1.428493687662465e6
1.2573070617891997e6  298080.4852800001  0.0  928249.9589448565  0.0  1.9618675926902005e6
936302.3128292004  298080.4852800001  0.0  681914.6854922693  0.0  1.1890166040745245e6
1.1169603651892e6  298080.4852800001  19768.382713546474  1.7649648539686457e6  0.0  844277.9023490071
1.18166836915972e6  298080.4852800001  245526.27715433712  1.8181894163245396e6  0.0  1.4353131858971189e6
881561.7585652006  298080.4852800001  0.0  1.1657769975271143e6  0.0  3.2825742792112636e6
737985.1428532006  298080.4852800001  98315.4593145852  739004.8526061364  0.0  1.701164239330992e6
999356.0134327941  298080.4852800001  463420.5679471103  1.870699033930105e6  0.0  975996.5707510422
1.5395611552555645e6  298080.4852800001  101405.67041180612  1.538045232848646e6  0.0  799296.711512318
1.5679607487647822e6  298080.4852800001  3758.860940963073  1.091068273805178e6  0.0  3.1857905821767626e6
1.262465049898603e6  298080.4852800001  0.0  1.3599716721804333e6  0.0  892783.830942166
1.126637310934559e6  298080.4852800001  0.0  767333.101021009  0.0  1.964493025530739e6
1.4791119649743654e6  298080.4852800001  5292.196833523059  1.2821973567396754e6  0.0  2.66896971855966e6
1.4373994281492003e6  298080.4852800001  78483.08462814774  949747.2263064036  0.0  1.9820524170370784e6
739485.1256092004  298080.4852800001  0.0  1.222320563892566e6  0.0  1.1154674853748814e6
1.2440972153892005e6  298080.4852800001  0.0  1.0582879240673403e6  0.0  2.8266520578460037e6
1.3011070431092002e6  298080.4852800001  86166.78667980578  821704.963688646  3016.839235438582  3.3331791827901267e6
914727.8830332004  298080.4852800001  517845.8530758062  2.015102101748645e6  0.0  1.698361539766129e6
1.611120953816913e6  298080.4852800001  9311.076019595108  1.5575661405872575e6  0.0  3.4528034830943146e6
1.4355607879292003e6  298080.4852800001  0.0  706572.7216286459  0.0  1.6901508321200009e6
277921.21067320043  298080.4852800001  129775.63698580905  1.9784351891678732e6  0.0  1.067045275874614e6
896890.5692292005  298080.4852800001  0.0  556604.9197869283  0.0  1.6417625044877257e6
355611.34882920043  298080.4852800001  0.0  835599.8130094442  0.0  1.3945262549210028e6
1.0487996701288e6  298080.4852800001  71511.73852  1.680609192308646e6  0.0  1.6511021959458296e6
812994.3505251074  298080.4852800001  102420.26397804057  1.2628827306523144e6  0.0  1.6315743008815183e6
1.088714866457142e6  298080.4852800001  140638.96711866802  1.7204536786820123e6  0.0  2.255466373621294e6
1.0079807185324302e6  298080.4852800001  0.0  712057.5416725535  0.0  2.0766042951646675e6
1.2044787330810863e6  298080.4852800001  53705.786313120545  1.6034112278242381e6  0.0  1.7891388473564035e6
1.2582761960092005e6  298080.4852800001  0.0  791691.1767006945  0.0  2.1895654654812994e6
1.7911990553338388e6  298080.4852800001  0.0  1.1252747340820008e6  0.0  1.7393763550439032e6
1.8015506729692002e6  298080.4852800001  0.0  1.069003045908646e6  0.0  1.756282300598377e6
1.4211504120692005e6  298080.4852800001  0.0  743711.2490225023  0.0  1.3536125439232057e6
762907.9102904699  298080.4852800001  106259.87152621943  1.2463275920172555e6  0.0  1.7995961044979603e6
1.2262420094052001e6  298080.4852800001  0.0  681605.4776734328  0.0  1.4400092766399463e6
695469.5012321391  298080.4852800001  0.0  887010.7225662556  0.0  1.6516015781373815e6
506759.62724479986  298001.8070200711  0.0  1.42472045783774e6  0.0  1.9347564773299738e6
1.1589114349257913e6  298080.4852800001  304398.4688358063  1.6069903483286456e6  9393.43683306178  1.625813095343463e6
284821.09423320025  298080.4852800001  92287.05238422813  1.283666906304212e6  0.0  1.229665402554679e6
1.0297931882692007e6  298080.4852800001  99753.4828304341  1.6534263330371184e6  0.0  1.684127722935509e6
687440.0365652002  298080.4852800001  108304.93764129974  1.7302925254106654e6  0.0  2.363011676319998e6
638683.5145132006  298080.4852800001  132405.15674039308  1.6605723206856619e6  0.0  1.3638983295610892e6
1.1688703752732002e6  298080.4852800001  44250.0079205173  1.314730427372623e6  0.0  1.458112575307242e6
856062.5708876568  298080.4852800001  88732.80643147005  1.4951080121421448e6  0.0  1.9899131809919113e6
383151.255149199  298080.4852800001  27585.492364864724  1.715016673500569e6  0.0  1.4878607589315563e6
326865.19989320013  298080.4852800001  169592.27794102425  1.6676860876704133e6  0.0  2.1070095404841723e6
672016.5572734247  298080.4852800001  0.0  819764.6871449203  0.0  1.468915928200001e6
1.0495450389204202e6  298080.4852800001  0.0  1.0838863682864937e6  0.0  1.8202712324424908e6
1.2417724099892e6  298080.4852800001  122454.92421613852  1.5410653067966122e6  0.0  1.4431199934971954e6
627369.8341859283  298080.4852800001  234921.15412146156  1.131308862158931e6  0.0  2.024563482769054e6
1.160305284721089e6  298080.4852800001  0.0  1.5029807808701e6  0.0  3.259126316703694e6
707467.6179932004  298080.4852800001  239686.07033180588  1.4366714672886457e6  0.0  1.6493900504284822e6
875322.169260812  298080.4852800001  0.0  1.4103381167118864e6  0.0  1.0307913156498818e6
1.8908918609652002e6  298080.4852800001  0.0  747861.7799789093  0.0  2.923547044706613e6
1.0185429958429257e6  298080.4852800001  21002.964884128687  753654.7414801889  0.0  1.2295915920683881e6
461968.1221532003  298080.4852800001  420270.01078952296  1.6527875577286456e6  145143.37440932693  2.0826443249343138e6
1.2735972415252007e6  298080.4852800001  0.0  905118.653459019  0.0  754011.2412194874
1.0642756651457448e6  297748.8022800001  0.0  553200.9785984141  0.0  748994.3677063435
0.0  297417.0200400001  158151.2112204521  1.2572415911778891e6  0.0  1.9515570531824098e6
1.2496715678852003e6  298080.4852800001  0.0  1.094415358515858e6  0.0  1.322995785962336e6
755547.2367492002  298080.4852800001  97757.15559851144  1.2083236267504261e6  67463.50843566959  3.0107890028675157e6
774417.1503492007  298080.4852800001  126174.79428597007  1.4085128344224722e6  0.0  2.8578746959387227e6
708790.2265033979  298080.4852800001  0.0  1.3583913665863734e6  0.0  1.191113086730531e6
1.3435607260332005e6  298080.4852800001  0.0  486150.44972722535  0.0  1.403600100667712e6
785862.8980332002  298080.4852800001  0.0  985710.538268646  0.0  1.6858422042002291e6
904700.7272732004  298080.4852800001  24368.633969831124  1.1291181819191717e6  0.0  959398.7819448223
844135.8479344018  298080.4852800001  283365.8062358063  1.8778865849886453e6  0.0  2.489463141874386e6
1.0308776579331997e6  298080.4852800001  503454.46327672625  1.9699312237486453e6  0.0  1.7998580672446191e6
1.812374606437569e6  298080.4852800001  0.0  1.0000730715273317e6  0.0  677192.9876952562
540023.8451227245  298080.4852800001  0.0  697596.3190099931  0.0  697958.6766982474
914101.8571932004  298080.4852800001  60784.82640838497  866972.4097765054  0.0  734171.7598979371
3543.2550079048833  297748.70304000005  96664.70942022603  747363.3979597411  0.0  1.1159690305880029e6
1.1887171200292003e6  298080.4852800001  43197.07241580655  1.695826939188646e6  0.0  1.9557455825761487e6
695548.8082491998  298080.4852800001  0.0  542180.7642086459  30922.434989231057  2.4061979768194463e6
684197.1076176281  298080.4852800001  58313.37260103566  1.2094710303033923e6  0.0  1.5202682891355243e6
590955.1581932008  298080.4852800001  0.0  487607.288206646  0.0  2.5469184067594013e6
896069.0701811669  298080.4852800001  0.0  927431.0180656989  0.0  1.2349351797689865e6
765636.1379932003  298080.4852800001  7996.806802546108  861248.234084852  0.0  1.223994524565849e6
1.5806323232892002e6  298080.4852800001  50984.506195240014  1.5443960251779985e6  0.0  1.9369090504577653e6
1.1386342078325907e6  298080.4852800001  0.0  1.1074381425816265e6  0.0  1.72034101376e6
987689.5225544418  298080.4852800001  0.0  698803.6826548883  0.0  1.8031105716459916e6
605062.1099532006  298080.4852800001  0.0  821770.4186183334  37758.700893450645  2.277852354973285e6
958799.9307492002  298080.4852800001  54660.54949050408  986138.9720966974  0.0  1.511740334809259e6
122729.77063320034  298080.4852800001  95935.78091027579  1.4974155583782904e6  0.0  2.0234157159101113e6
1.1183708660892006e6  298080.4852800001  3248.8999999541625  1.002209956335552e6  23959.267223011437  2.2603834789497135e6
1.0544629530732003e6  298080.4852800001  319544.6221512004  1.7835358726886453e6  0.0  1.4899194285471896e6
2.2640029187652003e6  298080.4852800001  0.0  724070.2133118873  0.0  2.4242792318165335e6
552181.3255531986  297753.0972300002  87707.92813740556  1.9471614282533359e6  0.0  1.1465822198354728e6
1.058790127154551e6  298080.4852800001  0.0  1.0686591072618943e6  0.0  751687.27365177
1.1658291216292004e6  298080.4852800001  0.0  547782.3123376966  0.0  1.559121571755648e6
950133.1983932005  298080.4852800001  398830.79335383594  1.667623074916486e6  0.0  680754.1144998663
461020.1760169129  298080.4852800001  204042.00215848332  1.7612551081004832e6  0.0  2.840867802080348e6
1.3557000340729165e6  298080.4852800001  198819.8623158064  1.7755546326086454e6  0.0  1.3280532973808153e6
548183.2866080012  298080.4852800001  124778.70980430393  1.6337033109259272e6  0.0  934511.1826012002
386187.79707320035  298080.4852800001  0.0  422678.61948143516  0.0  1.0606123567488655e6
788980.2129368316  298080.4852800001  67464.89797157081  1.2326388616028663e6  0.0  1.2996015068713403e6
1.0182894033396156e6  298080.4852800001  0.0  917566.590419004  0.0  1.0964389025831253e6
628702.9507092005  298080.4852800001  26287.431377960627  1.4694666056812992e6  0.0  1.6811639620391726e6
1.9214988177195387e6  298080.4852800001  0.0  1.1173541184692897e6  0.0  1.7077473835554356e6
857292.0006852004  298080.4852800001  0.0  924031.6854756927  0.0  3.364873545329335e6
665480.4260292008  298080.4852800001  0.0  847741.0815834011  5079.141533705162  2.0255832487053631e6
566169.7918092008  298080.4852800001  0.0  1.0048211072243103e6  0.0  2.20620655808664e6
985260.0133932002  298080.4852800001  89307.32691976448  1.3073433792054972e6  0.0  4.0299865552367005e6
820426.5457244967  298080.4852800001  85735.2311158065  1.1110423556286457e6  0.0  2.0866055123698127e6
821533.0588652528  298080.4852800001  0.0  706075.8490306938  0.0  1.3823601579092152e6
890796.8510732005  298080.4852800001  0.0  995270.6363006933  0.0  2.1481162171996464e6
830794.9027492001  298080.4852800001  366858.20283580606  1.9192523682686456e6  0.0  926327.8313047225
14042.427121565783  297417.1192800001  0.0  463922.4309913862  0.0  1.342751890282577e6
858066.2248292004  298080.4852800001  0.0  821317.3806628364  0.0  1.4710146911177093e6
1.032491286113716e6  298080.4852800001  5368.861265261453  660772.6572878388  0.0  1.3903487721566467e6
1.1554523833492005e6  298080.4852800001  342222.78577534173  1.844015752778346e6  0.0  1.5600942464372346e6
1.4088439482296288e6  298080.4852800001  389429.8762139981  1.721128703462836e6  0.0  1.9537322690522568e6
255308.4474826415  298080.4852800001  0.0  677253.0107835055  49830.44521382458  3.4851994115173034e6
346427.1452051998  298080.4852800001  623154.6103233844  1.973299022273149e6  0.0  1.5221279408166683e6
775026.6398732002  298080.4852800001  0.0  1.3556491601326216e6  0.0  1.1797848407889872e6
1.1059128486302965e6  298080.4852800001  0.0  1.320936670268646e6  0.0  1.0326264819272684e6
60090.682779203074  298080.4852800001  0.0  657155.2465806761  0.0  1.7450190132030454e6
969558.5927891999  298080.4852800001  12939.650006186985  796770.963636429  0.0  1.260627468850328e6
1.1082965126892002e6  298080.4852800001  121596.58205770639  1.6148713368846106e6  0.0  1.2815205417853217e6
1.3225928487652005e6  298080.4852800001  114709.02180855282  1.469253168235045e6  0.0  3.407877825176852e6
1.0613023873578194e6  298080.4852800001  140420.66813580552  1.7478696476886456e6  0.0  1.3591075079949724e6
910515.9450692004  298080.4852800001  95445.37415580654  1.6851026011086456e6  0.0  1.3589815483639105e6
458940.63924920047  298080.4852800001  306928.67090556567  1.7894364241086456e6  0.0  978529.2266175769
1.1145624686969132e6  298080.4852800001  0.0  432330.4417436078  0.0  1.3984048866782926e6
488744.9775292003  298080.4852800001  37146.22588639712  1.5697841520037332e6  83479.56437251499  1.5049803593325624e6
1.0694556399084309e6  298080.4852800001  0.0  902297.0872018861  0.0  1.5180614586796805e6
615262.6284732006  298080.4852800001  221888.14897606103  1.3469424228789993e6  0.0  1.5009258770467609e6
401056.06125705317  298080.4852800001  95762.6388286266  1.9178928085786456e6  0.0  1.8169418979455603e6
603102.2308729271  298080.4852800001  0.0  1.254219181588646e6  0.0  1.7105834876377648e6
482121.02302920073  298080.4852800001  0.0  902584.4566051469  0.0  843190.2584911461
346437.55611320067  298080.4852800001  481133.7227592457  1.8335431549744534e6  0.0  2.076143224133942e6
763105.9787932001  298080.4852800001  173541.37773180575  1.182913573328646e6  0.0  1.4605151781287813e6
1.4827447292485232e6  298080.4852800001  0.0  915464.7518595556  11840.794986922718  1.5217829325848757e6
1.0973629451092002e6  298080.4852800001  0.0  1.2270959407522662e6  0.0  2.2495454293179438e6
1.1479729135487988e6  298080.4852800001  318502.66353117046  1.7936902159494786e6  0.0  859525.6328902736
918061.7687367488  298080.4852800001  250503.7670498359  1.4369764069641705e6  0.0  1.19281867454e6
341833.9805892006  298080.4852800001  129783.44990169001  1.746149319961894e6  0.0  1.1223268223845859e6
284865.7434292003  298080.4852800001  0.0  922576.1030159177  17057.683264674233  2.4763980740143573e6
1.2243869935892e6  298080.4852800001  100712.00223980617  1.460600456708646e6  0.0  1.3831486731965414e6
657449.4573120822  298080.4852800001  379193.75348824856  1.7961928279918572e6  0.0  978855.0889200004
1.0175869341092003e6  298080.4852800001  80444.00814971437  1.1403203018601143e6  0.0  2.5201912735726987e6
506034.9822826459  297748.70304000005  0.0  1.0397043317936312e6  4124.028983999928  1.514898261320133e6
597008.9926292007  298080.4852800001  5432.503595805838  1.6360148624286458e6  0.0  1.0550045065664053e6
1.0209691992732002e6  298080.4852800001  157914.59339580606  1.8514669797886454e6  0.0  2.16492206922448e6
1.1898697823932006e6  298080.4852800001  0.0  692529.4275833379  0.0  934864.6631484021
1.2276580731648e6  298080.4852800001  0.0  1.2305176880945088e6  0.0  1.153692605631654e6
1.1865967917652007e6  298080.4852800001  97685.09073580633  1.4217780864829572e6  0.0  748365.7658320424
146025.06295320092  298080.4852800001  0.0  762334.0246540341  0.0  1.2059420425129684e6
1.2015442838205816e6  298080.4852800001  0.0  1.6192428937918958e6  0.0  885258.9871543108
1.0256620731892005e6  298080.4852800001  3775.207441999999  1.2200551359315226e6  0.0  1.3357900603462197e6
1.5851483981586003e6  298080.4852800001  0.0  1.0568517553469576e6  106202.857120914  3.282356215732111e6
608263.5498732005  298080.4852800001  0.0  1.2664844816976706e6  0.0  881188.2611708207
543040.5981083466  298080.4852800001  0.0  418803.08700864593  0.0  1.6673392294062215e6
284424.99975320057  298080.4852800001  0.0  1.44734628105136e6  0.0  2.851322586234431e6
1.1928149234000726e6  298080.4852800001  0.0  535152.0761414843  0.0  2.8483871987734106e6
1.1737952659732003e6  298080.4852800001  81274.4581709786  1.4289052535165523e6  0.0  778496.1214676403
296504.4847290619  297417.1192800001  215889.16112498037  1.6563512768748207e6  53186.48264870886  2.7426978393481e6
725378.8157370539  298080.4852800001  0.0  856983.772634111  0.0  1.2028208105170492e6
1.2853862291892006e6  298080.4852800001  0.0  768911.3669604391  0.0  1.78085699114e6
982715.1813205617  298080.4852800001  19047.729111227804  1.2537023031227721e6  0.0  2.4358027406679336e6
324772.1480092001  298080.4852800001  305899.7651958065  1.8026529369686453e6  0.0  1.463602830571142e6
699799.9995866269  298080.4852800001  318374.00953288825  1.5204853247894142e6  0.0  2.511042167849798e6
525336.8935089583  298080.4852800001  94185.7149067917  1.2945897067080822e6  43482.22189501479  1.5715794472232526e6
693689.1176532002  298080.4852800001  106171.28274676371  1.5164155372392288e6  0.0  760181.3501585299
577455.6846292001  298080.4852800001  211679.4565205743  1.4989686793486457e6  66.67749609275508  2.0106415336592868e6
1.0266420470452011e6  298080.4852800001  0.0  1.201415115903157e6  0.0  3.236888067986678e6
269797.2968892001  298080.4852800001  672152.4004711483  1.9963999416048927e6  0.0  762489.4926600003
243031.1838332002  298080.4852800001  289600.4887718063  1.6523382863086455e6  0.0  2.5399721526047187e6
1.3307231850852e6  298080.4852800001  0.0  1.1736019346789357e6  0.0  1.1829991182092822e6
866617.5686692006  298080.4852800001  0.0  497049.0754586416  0.0  1.9729354166815442e6
1.7299949829889273e6  298080.4852800001  0.0  1.2525036016886458e6  0.0  787361.0791523613
0.0  295758.50580000004  747170.0189478085  1.9919065302901005e6  0.0  1.9604544545633013e6
1.4629765492292e6  298080.4852800001  65329.87962083449  1.6158651617834747e6  0.0  1.1188217136745274e6
432972.96626920026  298080.4852800001  0.0  1.1329626024278237e6  0.0  1.3515655680468322e6
535917.0759492004  298080.4852800001  35463.24421093985  1.4854560889811732e6  0.0  2.3374782889949675e6
789788.4919249271  298080.4852800001  28220.905650157914  1.114673293974156e6  0.0  986374.8588447041
1.2881160815689324e6  298080.4852800001  282555.13819980656  1.5002425228686456e6  209520.1602858778  2.8796163846571646e6
541281.0934492005  298080.4852800001  0.0  1.5913627082122366e6  0.0  1.8027486113563944e6
630832.870934521  298080.4852800001  0.0  1.0299342583325433e6  0.0  1.649455592444006e6
1.1975785055092005e6  298080.4852800001  0.0  642251.774155648  0.0  2.0860057290582182e6
881555.1074692006  298080.4852800001  161864.29973248328  1.2230543201908267e6  0.0  1.6562642563550922e6
1.4047016574052e6  298080.4852800001  163571.20117061003  1.3835745838827188e6  0.0  1.609585175749841e6
720306.1760332005  298080.4852800001  0.0  669651.768477753  0.0  2.0411953100149995e6
1.4550435744692003e6  298080.4852800001  115134.76986383  1.4577703417996862e6  0.0  1.039971667382375e6
726509.1802169274  298080.4852800001  0.0  1.017816500852698e6  0.0  991210.1236353931
358238.2460492006  298080.4852800001  86169.2094158057  975978.9665286458  0.0  1.3751417809535367e6
1.2483816795092004e6  298080.4852800001  0.0  1.019945763498566e6  0.0  869509.4513868653
1.3523844791092002e6  298080.4852800001  0.0  549023.6024185749  0.0  1.8952172446931214e6
413809.61591320037  298080.4852800001  0.0  955667.5503772851  0.0  944216.4200957428
970525.7227892003  298080.4852800001  486682.6399226318  1.9096533523425679e6  0.0  2.228355116899632e6
988894.3459532002  298080.4852800001  0.0  1.2973075083843104e6  0.0  1.5456744906572213e6
364658.22279255127  298080.4852800001  0.0  1.1250740804295186e6  0.0  672438.0347015554
217013.78240639484  298080.4852800001  71822.1742165563  1.0017606902356094e6  0.0  1.5165804837802364e6
1.3751386339892e6  298080.4852800001  0.0  790419.0979468315  0.0  1.566144970358908e6
839901.2245532  298080.4852800001  0.0  1.0194838470456939e6  0.0  731791.0902327003
1.0714560807934084e6  298080.4852800001  366438.9790945462  1.866585176205137e6  0.0  1.1440992521883794e6
44197.49285309766  297417.0200400001  334352.5036168542  1.6164891266146551e6  0.0  885665.5454700362
1.4562072517653743e6  298080.4852800001  37244.49854508501  1.4631917675141618e6  0.0  958687.5346000001
896183.7474292004  298080.4852800001  0.0  1.0718592777353986e6  0.0  1.7921021789148662e6
962834.8640794177  298080.4852800001  161724.82573180587  1.9606150322686452e6  0.0  1.857558909579884e6
1.0182200128891998e6  298080.4852800001  223786.15189159528  1.6069826947217884e6  0.0  1.2444615649642004e6
1.4092652704292e6  298080.4852800001  0.0  699081.340845687  0.0  1.8867832238489115e6
841517.6808692007  298080.4852800001  81969.59083580606  1.2697296527886458e6  0.0  1.262958078062179e6
396518.84620920033  298080.4852800001  57244.614878893335  1.2427697858289022e6  0.0  863064.9098973522
1.0877424204452003e6  298080.4852800001  115937.16295167654  1.617240897488298e6  0.0  2.623855703325606e6
1.703635106928798e6  298080.4852800001  0.0  873139.1907802352  0.0  740800.8258267622
114551.30369960026  297748.70304000005  71613.29031389493  1.385843105678626e6  0.0  1.1401144409e6
566929.948085201  298080.4852800001  0.0  1.3625397652225897e6  0.0  1.209546187857019e6
1.310028356986646e6  297748.70304000005  0.0  1.4689888833481504e6  0.0  2.015621588755636e6
1.0757385749532003e6  298080.4852800001  17909.560356873564  1.4492373544908734e6  0.0  1.4401461074153392e6
952809.9586987289  297748.70304000005  127970.8941932991  1.3367377728095863e6  0.0  2.0342983657029788e6
1.3079321574329126e6  298080.4852800001  251332.89887469058  1.4926824669379224e6  0.0  953172.1763
894497.3130003528  298080.4852800001  0.0  859486.0727985689  0.0  1.245599759058199e6
555798.9389492001  298080.4852800001  0.0  1.088313295940774e6  75466.28799670323  2.5850255429475643e6
944262.6711985292  298080.4852800001  223971.52935143112  1.9174891178586774e6  0.0  1.164534077544471e6
800903.1745532004  298080.4852800001  0.0  572992.5973866561  0.0  1.678553561308134e6
64033.180997565985  297417.0200400001  200228.35234427144  1.9318962515670264e6  0.0  1.5556782119127216e6
431180.63791023416  298080.4852800001  599754.8881362715  2.069648268238508e6  0.0  2.747201519418477e6
1.2812265743252006e6  298080.4852800001  12971.248430468115  1.365956318985815e6  18012.871471147126  1.940545673831128e6
916166.8395822413  297748.70304000005  3373.1178663211936  1.0236420259432078e6  0.0  771843.452879596
978493.4945932003  298080.4852800001  5412.220718217213  1.1001248953886458e6  0.0  1.8198618431142378e6
965905.7602170531  298080.4852800001  580.1575913658947  945768.8939531585  0.0  1.8621274514038027e6
1.1023990780687986e6  298080.4852800001  142869.98507586998  1.5702922638496768e6  0.0  910605.8185673461
251739.51410920057  298080.4852800001  143285.20569368996  1.8647882076451953e6  0.0  1.3549688307824314e6
1.6637715375492e6  298080.4852800001  123040.2184684709  1.1190828584886459e6  0.0  3.0028138498126487e6
912832.8134686388  298080.4852800001  254490.16389574637  1.8956933872504935e6  0.0  1.0448530049375311e6
1.0169626218618883e6  298080.4852800001  508146.49746989325  1.7745744528889037e6  0.0  1.1167007590992227e6
811316.3523389233  298080.4852800001  27220.236247819477  1.2717997395727076e6  0.0  1.0749204855598535e6
1.0156277805734075e6  298080.4852800001  188252.74287248985  1.5688948698746576e6  0.0  2.1003730989080863e6
852192.4842452005  298080.4852800001  0.0  1.5256416305260144e6  70713.96017360495  2.2665587942689704e6
1.2803636557513997e6  298080.4852800001  458394.5241137266  1.8573831592486454e6  0.0  1.1068021184658883e6
1.2538439614169127e6  298080.4852800001  0.0  499817.0172579865  0.0  1.739090272910616e6
76577.73043049827  297748.8022800001  611769.8157543147  2.0124643714381845e6  0.0  1.8786376441442133e6
819821.3281280689  298080.4852800001  173602.53687331517  1.32215873942355e6  7795.9769636578  2.352970075560996e6
982764.0467692002  298080.4852800001  238853.66347921165  1.9882335340150816e6  0.0  1.907150735785472e6
1.0861738709845596e6  298080.4852800001  189168.39884197825  1.068115405601953e6  0.0  2.3391493275124943e6
711679.3959652006  298080.4852800001  406153.76091768756  1.714162213766064e6  0.0  1.0415492367604368e6
1.3513612159892002e6  298080.4852800001  207835.76683714334  1.7767616682718315e6  0.0  2.4493345426114793e6
585540.6517892005  298080.4852800001  0.0  1.5082119879286457e6  0.0  2.0205534392893407e6
46931.09218519992  297758.8819320001  75149.54941140318  1.5082754360257448e6  0.0  1.1473925042525646e6
1.0052129242691998e6  298080.4852800001  0.0  1.2529189531543462e6  0.0  1.3540492153269043e6
880827.1438692  298080.4852800001  0.0  592707.4166735428  0.0  1.9049976707644504e6
1.0492517519610869e6  298080.4852800001  34169.80493480031  1.0546549124732253e6  0.0  910430.536748228
584064.5182502513  298080.4852800001  5278.851566304662  1.2170853361201056e6  0.0  1.5802974426659336e6
720779.6213164488  298080.4852800001  214498.77462185294  1.6626204841835864e6  0.0  872197.7593795182
970018.1126692004  298080.4852800001  0.0  1.1416822792269045e6  0.0  748660.3782830144
1.6174127034929323e6  298080.4852800001  0.0  910267.9752402828  0.0  758983.7449800004
594971.5516492004  298080.4852800001  0.0  493615.2347686459  32076.5987873064  2.4339516828019056e6
736497.2521532003  298080.4852800001  0.0  950474.6510965124  0.0  1.250892106456774e6
1.0416667141576939e6  298080.4852800001  0.0  1.3493239799746529e6  0.0  967817.5514595358
1.0214751005593317e6  298080.4852800001  128714.1180989057  1.2934951898747522e6  0.0  1.8805151030178175e6
907108.2297492005  298080.4852800001  0.0  890718.831568646  0.0  1.3828423131118233e6
278777.36214920087  298080.4852800001  44926.29608785178  1.2434106186858416e6  0.0  1.5812988256621053e6
684334.1461532004  298080.4852800001  0.0  989421.508028646  0.0  1.7929937712862052e6
995654.3165092001  298080.4852800001  0.0  986911.9201783258  0.0  2.241793026189262e6
1.3412793201092004e6  298080.4852800001  186989.73562051746  1.758081324413739e6  0.0  1.5891040932356492e6
570980.9226692005  298080.4852800001  0.0  832026.267723495  0.0  1.3311365824209782e6
1.4301170494292001e6  298080.4852800001  2520.3498224958944  498773.70146864594  0.0  1.9247006656994815e6
638416.5221492004  298080.4852800001  196080.92855322373  1.0345206068712712e6  0.0  757626.3577612403
849074.679407031  298080.4852800001  0.0  1.2492818805685434e6  0.0  3.765971616737213e6
611278.3362692005  298080.4852800001  0.0  709767.053128646  0.0  855862.8065980619
623407.0555692003  298080.4852800001  58499.981892332115  817353.2229789612  0.0  1.194684077172828e6
623454.6759932006  298080.4852800001  185336.9805678726  930918.7979417935  0.0  2.939380148555213e6
765073.3861617272  298080.4852800001  6855.996194821537  878371.5154159295  0.0  2.1236568079484156e6
860583.0475532003  298080.4852800001  165448.61667580702  1.486578610788646e6  0.0  1.975623226181539e6
1.2549047019132006e6  298080.4852800001  91490.26077544653  1.3913553337667503e6  0.0  3.348746455063397e6
857764.8684692008  298080.4852800001  102524.5837198007  1.1764707826699126e6  0.0  1.9092652927718887e6
508192.8050892006  298080.4852800001  132404.94072841626  1.5193101106590342e6  128696.76928188893  1.7639202298997727e6
1.2518067653892e6  298080.4852800001  0.0  1.404360875363312e6  0.0  2.3966196259324015e6
414896.04158920026  298080.4852800001  247829.19483295255  1.572587740056251e6  0.0  1.0625122927695992e6
1.3912576680216938e6  298080.4852800001  0.0  833799.2580578964  0.0  828368.5860120193
1.2298043227092e6  298080.4852800001  928461.7561760553  2.0098866124881636e6  0.0  1.5410353825695182e6
1.4552752200292002e6  298080.4852800001  33257.7244199078  1.1457961063374367e6  0.0  825778.7305449239
1.0754438468332002e6  298080.4852800001  0.0  810938.811296708  20834.4598247546  2.7768342117592706e6
1.5194482397892007e6  298080.4852800001  11981.481663809886  1.2029701460804965e6  0.0  1.0033064826902283e6
606413.0335428505  298080.4852800001  0.0  1.099426038466142e6  0.0  1.0887351464398135e6
549273.8937892003  298080.4852800001  0.0  1.1740688131145048e6  0.0  979215.6022274303
60984.347338599924  296753.65404000005  0.0  1.3111533747387726e6  0.0  1.3094695270588817e6
954462.2227455513  298080.4852800001  85537.24495319209  703462.0222240927  0.0  756076.3279589338
1.1490807214722491e6  298003.1437588632  183554.15382934996  1.7383899837291373e6  0.0  885372.6756542649
237960.78947320062  298080.4852800001  320303.2763568208  1.6925471706799031e6  29019.70749989273  1.88164729101e6
331468.9522241263  298080.4852800001  778.4998324442396  1.0017456134416258e6  0.0  1.8243986070432016e6
537309.2035448276  297748.70304000005  303434.4685546498  1.0489421448192631e6  2352.4895144089965  3.157722440387028e6
838433.1410045512  298080.4852800001  0.0  478335.46911077644  0.0  707564.1749379229
635749.2612332003  298080.4852800001  562699.3817158057  1.9472282639686454e6  0.0  1.852215242717742e6
1.126582052715725e6  298080.4852800001  0.0  1.0090145654645414e6  0.0  1.0650197120494645e6
1.1125833893389227e6  298080.4852800001  0.0  734417.2409703885  0.0  1.5710204516001474e6
667816.3511487975  298080.4852800001  0.0  495030.5095860502  0.0  1.5093282370396885e6
0.0  296090.18880000006  471560.37824455684  1.8492771334368426e6  0.0  914095.7114086823
499700.61015569774  298080.4852800001  726543.1225380914  1.9042238136886454e6  0.0  1.1439112595645958e6
1.0816799921532003e6  298080.4852800001  0.0  778787.5625975345  0.0  2.140374770844443e6
283164.7199132004  298080.4852800001  33246.80423980615  747958.209728646  0.0  1.4426909614032265e6
584554.7407521862  298080.4852800001  190190.96665355682  1.7401274703431977e6  6185.985377925898  2.1394990145348366e6
133608.88379320095  297085.4362800001  0.0  954658.4566140687  0.0  1.0789633929494515e6
902689.5200169163  298080.4852800001  231272.31602293928  1.183195284014481e6  0.0  1.9373979149763219e6
1.1496689011092002e6  298080.4852800001  0.0  869102.0940086459  0.0  1.5219167228844096e6
392496.85303320055  298080.4852800001  0.0  736517.8552452944  0.0  1.7672858322943912e6
1.2115060376692e6  298080.4852800001  76348.17782826579  1.2819171550971072e6  0.0  1.240737536143837e6
886848.6059838199  298080.4852800001  0.0  611949.895984399  0.0  1.1666553544514566e6
213062.0085173819  298080.4852800001  494549.79649945267  1.8229610722707084e6  0.0  1.4945451116981225e6
1.7153792427492002e6  298080.4852800001  269466.1050662307  1.7826253637264874e6  0.0  2.8177633962943708e6
811732.913128797  298080.4852800001  106748.63753580597  1.6993706864086457e6  0.0  1.0784010166812004e6
812340.5112292008  298080.4852800001  0.0  941986.8028999114  0.0  1.050854144135714e6
1.098647602793053e6  298080.4852800001  0.0  1.4907445083298697e6  0.0  1.0859487750911533e6
411961.31810920057  298080.4852800001  0.0  1.1462732794612197e6  97594.49656523285  4.262824103331812e6
1.3137593590332e6  298080.4852800001  0.0  470092.3093280437  45293.19373745562  2.732385904670638e6
322538.1265527884  298080.4852800001  80351.32267458938  1.2267680445271896e6  0.0  1.4388639195671931e6
217769.6103932009  298080.4852800001  0.0  672191.9301496702  0.0  1.459243138120688e6
1.123492578503165e6  298080.4852800001  618145.4164792136  1.9015964689086454e6  0.0  2.8016756484040725e6
1.2016973852692e6  298080.4852800001  97943.51837063338  1.412459872953731e6  0.0  3.4412630454324097e6
860846.4515252002  298080.4852800001  0.0  870196.8526685017  95535.73827363535  3.1964429036406334e6
870640.1446732003  298080.4852800001  0.0  664762.3546837675  18955.02620568438  1.8530080553402542e6
1.1377127574232083e6  298080.4852800001  30058.69524144676  1.1954329174926025e6  0.0  1.5725629959771323e6
1.1919857577610868e6  298080.4852800001  0.0  1.4022304716993126e6  0.0  1.1804288990806045e6
29611.81084050041  296090.28804  39116.7621558055  1.1419119085286458e6  0.0  2.85917347260072e6
871411.3638569135  298080.4852800001  133131.13133797175  1.7973253774650297e6  0.0  963378.6458542858
295405.87202451576  298080.4852800001  273608.29964849784  1.566467768444548e6  0.0  1.0563237833972168e6
296868.38825320004  298080.4852800001  298908.06067978585  1.8161115687081113e6  0.0  929489.4587856404
956602.6691892004  298080.4852800001  0.0  786963.591528646  0.0  1.627324069504312e6
499782.8827492005  298080.4852800001  0.0  840062.1198788073  12557.721151217216  1.7724879044463055e6
740786.4554739675  298080.4852800001  238720.24550447662  1.7633168530417616e6  0.0  3.1458895817089463e6
397162.7911532006  298080.4852800001  314966.3034814431  1.4728184498686455e6  0.0  2.4605420508232624e6
1.0283118264092002e6  298080.4852800001  0.0  1.1024402435921317e6  0.0  1.30991511654087e6
286880.89751320035  298080.4852800001  0.0  1.1514833982333778e6  0.0  738055.7757776687
103275.75454686432  297417.0200400001  11258.615486905865  1.3331512976350682e6  0.0  1.1460957200762425e6
165370.39447370564  297573.23547581077  0.0  659240.6256358516  0.0  1.039344760122209e6
1.0836426025891998e6  298080.4852800001  311342.2359158057  1.7432438273086455e6  0.0  3.004042368220558e6
1.5129476505492004e6  298080.4852800001  0.0  1.027842642101557e6  0.0  1.1161176860598384e6
1.8444388694452005e6  298080.4852800001  7542.186080408793  1.5506455541486458e6  0.0  1.8652184058000003e6
511084.63763320027  298080.4852800001  25255.36442287921  1.099741432866442e6  0.0  2.070153097375261e6
873735.8755932  298080.4852800001  0.0  1.2540707798286462e6  0.0  2.1941176910258145e6
788373.9724732003  298080.4852800001  0.0  763359.8021186937  0.0  1.6340488999609798e6
301261.4320094836  298080.4852800001  0.0  1.0949340396678837e6  0.0  2.2333961104908222e6
1.0942512283370541e6  298080.4852800001  0.0  788113.4348452176  0.0  1.141962798702149e6
1.745946379249946e6  298080.4852800001  0.0  953995.7519010948  0.0  1.8126183976635144e6
659437.2196332002  298080.4852800001  102388.69078065356  1.4171196326611352e6  0.0  1.631069499974379e6
1.1438788134852005e6  298080.4852800001  150030.53077684692  1.844979276148576e6  0.0  860335.7220859159
413339.54798920115  298080.4852800001  248446.20833671378  1.475323390487944e6  6465.717083736605  1.5591113419025284e6
1.504006991524923e6  298080.4852800001  0.0  671801.7748486459  0.0  1.5418723721001183e6
856151.6226932001  298080.4852800001  0.0  776394.838292543  0.0  1.99943034288e6
589346.9056700165  298080.4852800001  0.0  748526.0935647528  0.0  2.0251618320870898e6
36482.58606519992  295955.96781543817  113178.91464890227  1.6234624971989428e6  0.0  2.309000498545336e6
1.2688781403491998e6  298080.4852800001  187479.6645729746  1.4937970714405193e6  0.0  1.8377388116153344e6
1.064071995968139e6  298080.4852800001  129845.97403980627  1.5524885687686456e6  0.0  1.1403151375068778e6
614681.5946692005  298080.4852800001  0.0  678584.5859286159  0.0  923726.7606600001
655504.8448332003  297748.70304000005  51396.78009826327  890681.7539279559  0.0  1.8984892637145708e6
1.5153337232082603e6  298080.4852800001  0.0  1.2530503016789493e6  0.0  2.235783627804973e6
69930.7927091323  297748.70304000005  0.0  835875.0213561942  0.0  2.452074584917099e6
437427.6723642774  298080.4852800001  226743.38035580592  1.6883640473086457e6  0.0  736602.2123432446
1.1667458968520672e6  298080.4852800001  292813.0138518062  1.7245886321086455e6  0.0  2.4177724716333514e6
624507.4723236446  298080.4852800001  179816.8353718056  1.6937586687086457e6  0.0  1.1849062282711295e6
462804.3089132007  298080.4852800001  0.0  875864.3651688375  0.0  1.3136529584902846e6
821938.4896041496  298080.4852800001  26977.736759999963  1.3365610849131725e6  48288.16803492655  2.3987763427612027e6
687809.7095092006  298080.4852800001  23782.088359670077  1.2004322779919272e6  0.0  2.8419491601810367e6
926413.3444451999  298080.4852800001  0.0  591464.1691481927  89445.23732147299  2.596124550029017e6
839975.8493932001  298080.4852800001  42559.52545925649  1.067585027890229e6  0.0  1.004895188292962e6
532261.1113145727  298080.4852800001  95879.32959980614  942103.577008646  0.0  1.096369302792255e6
1.2274596399492002e6  298080.4852800001  0.0  910823.633390959  0.0  1.8767116041763169e6
567230.973033201  298080.4852800001  146717.34948000003  1.6968285303903054e6  0.0  1.0936569037496853e6
954138.6781092008  298080.4852800001  0.0  663517.2849928929  0.0  673235.8552652309
620960.3817993915  297748.70304000005  0.0  383121.06502864585  0.0  856732.4020644915
1.5000384954866834e6  298080.4852800001  131488.01197886362  1.0127252506298991e6  0.0  2.0650025493225148e6
1.008765365021694e6  298080.4852800001  143599.65317885592  1.1820331538303972e6  0.0  1.701968349046846e6
780314.5126092004  298080.4852800001  0.0  420481.1279072898  0.0  915650.839679952
532229.1594170537  298080.4852800001  104730.18358939777  1.315861356588142e6  0.0  2.5752050004942864e6
680779.3524732008  298080.4852800001  0.0  539444.8116606476  0.0  2.4537175725049125e6
1.8359214793804286e6  298080.4852800001  70745.09660835922  780745.4121663588  0.0  1.0175217544219751e6
332649.63982919964  297748.8022800001  89208.17613067647  1.390987555350144e6  0.0  972302.0716530186
1.2777364821887994e6  298080.4852800001  0.0  1.273338869947946e6  103741.76772195904  2.7852083060351633e6
942708.2605292005  298080.4852800001  0.0  961541.7536286459  0.0  1.4677236911095995e6
772826.5914166274  298080.4852800001  0.0  930385.0379237368  0.0  1.36166192053457e6
848601.6695092007  298080.4852800001  45007.74971344342  1.0355266443905815e6  0.0  2.6966702894778606e6
822349.0008073476  298080.4852800001  163437.92635676602  1.423580031173136e6  0.0  1.1689664077522915e6
1.0189668993932004e6  298080.4852800001  0.0  709224.5199346317  0.0  857440.3851660173
695731.5991092003  298080.4852800001  350136.885258824  1.9063614704668873e6  0.0  2.2229989470482613e6
373836.38038920035  298080.4852800001  142174.33286365925  1.1482763532624939e6  0.0  1.2278983335899161e6
1.3431359129892003e6  298080.4852800001  127151.5608961129  1.3152449901543148e6  0.0  1.5645209952085991e6
472963.6866332003  298080.4852800001  158168.2707765948  1.4848173540045868e6  0.0  1.3212285930587063e6
519346.6245132005  298080.4852800001  549622.3279231488  1.9365784484549048e6  0.0  1.2211524193649048e6
955537.3510292002  298080.4852800001  76172.60149624545  1.4344398802333674e6  0.0  1.0240212577815662e6
9915.532289575827  296421.97104000003  16946.609848332246  1.1041473430811993e6  0.0  751311.0524059208
1.0006227675726314e6  298080.4852800001  0.0  1.2896092983245957e6  0.0  2.682344506494199e6
529594.6385713948  298080.4852800001  48369.41077678498  1.4201730660505928e6  0.0  1.5941374317698928e6
667898.8193892004  298080.4852800001  0.0  618287.8113887103  0.0  2.1097849963620123e6
305840.7090673296  298080.4852800001  0.0  1.7829721779179585e6  0.0  1.8355471328132215e6
455719.29175320035  298080.4852800001  0.0  1.573920912664231e6  0.0  1.4305586618405925e6
1.253199902573062e6  298080.4852800001  240662.60176642356  1.5739037063758685e6  0.0  2.141832537237052e6
972503.4192252003  298080.4852800001  0.0  758756.814904836  0.0  673276.6987138413
1.2059161686052e6  298080.4852800001  0.0  914357.5784359485  0.0  1.2168841775577273e6
